Kor-lang-09 0 0 0 0 0 0 0 0 0 0  = 0
Kor-lang-05 0 0 0 0 0 0 0 0 0 0  = 0
Kor-lang-04 0 0 0 0 0 0 0 0 0 0  = 0
jap-lang-13 0 0 0 0 0 0 0 0 0 0  = 0
jap-lang-12 0 0 0 0 0 0 0 0 0 0  = 0
jap-lang-11 0 0 0 0 0 0 0 0 0 0  = 0
jap-lang-08 0 0 0 0 0 0 0 0 0 0  = 0
jap-lang-02 1 6 4 0 -1 0 0 0 0 0  = 11
kor-epi-902 0 0 0 0 0 0 0 0 0 0  = 0
kor-dip-703 0 0 0 0 0 0 0 0 0 0  = 0
jap-lang-06 0 0 0 0 0 0 0 0 0 0  = 0
kor-dip-702 0 0 0 0 0 0 0 0 0 0  = 0
kor-ari-102 0 0 0 0 0 0 0 0 0 0  = 0
kor-639-001 0 0 0 0 0 0 0 0 0 0  = 0
kor-572-701 0 0 0 0 0 0 0 0 0 0  = 0
kor-567-001 0 0 0 0 0 0 0 0 0 0  = 0
kor-546-901 0 0 0 0 0 0 0 0 0 0  = 0
kor-ari-801 0 0 0 0 0 0 0 0 0 0  = 0
kor-337-101 0 0 0 0 0 0 0 0 0 0  = 0
jap-85-102 1 0 4 0 -1 0 0 0 0 0  = 5
jap-83-740 1 0 2 0 -1 0 0 0 0 0  = 3
jap-83-739 -1 6 2 0 -1 0 0 0 0 0  = 8
jap-lang-07 0 0 0 0 0 0 0 0 0 0  = 0
jap-83-738 1 0 2 0 -1 0 0 0 0 0  = 3
jap-83-737 1 6 2 0 -1 0 0 0 0 0  = 9
jap-83-836 1 0 0 4 -1 0 0 0 0 0  = 5
jap-83-835 1 0 2 0 -1 0 0 0 0 0  = 3
jap-83-833 1 0 0 0 -1 0 0 0 0 0  = 1
jap-83-830 0 0 0 0 0 0 0 0 0 0  = 0
jap-83-829 0 0 0 0 0 0 0 0 0 0  = 0
jap-83-831 0 0 0 0 0 0 0 0 0 0  = 0
jap-83-827 -1 1 2 0 1 0 0 0 0 0  = 4
Kor-lang-10 0 0 0 0 0 0 0 0 0 0  = 0
jap-83-826 1 6 0 0 -1 0 0 0 0 0  = 7
jap-83-825 -1 0 0 0 -1 0 0 0 0 0  = 0
jap-583-714 1 0 0 0 1 0 2 0 6 0  = 10
jap-lang-10 0 0 0 0 0 0 0 0 0 0  = 0
jap-583-705 -1 0 2 0 1 0 0 0 0 0  = 3
jap-478-101 -1 1 4 0 1 0 0 0 0 0  = 6
jap-lang-04 1 0 4 0 -1 0 0 0 0 0  = 5
jap-331-111 0 0 0 0 0 0 0 0 0 0  = 0
jap-583-808 1 4 0 0 -1 0 0 0 0 0  = 5
Kor-lang-06 0 0 0 0 0 0 0 0 0 0  = 0
jap-lang-09 0 0 0 0 0 0 0 0 0 0  = 0
jap-583-704 -1 1 4 0 1 0 0 0 0 0  = 6
jap-583-817 -1 0 1 0 -1 0 0 0 0 0  = 1
kor-pbmo-001 0 0 0 0 0 0 0 0 0 0  = 0
jap-632-102 0 0 0 0 0 0 0 0 0 0  = 0
jap-583-003 1 6 2 0 -1 0 0 0 0 0  = 9
jap-583-002 -1 0 4 0 1 0 0 0 0 0  = 5
jap-583-801 -1 0 1 0 -1 0 0 0 0 0  = 1
jap-583-016 0 0 0 0 0 0 0 0 0 0  = 0
jap-lang-05 0 0 0 0 0 0 0 0 0 0  = 0
jap-583-807 1 6 4 0 -1 0 0 0 0 0  = 11
jap-83-909 1 4 4 0 1 0 0 0 0 0  = 10
jap-143-705 -1 3 2 0 1 0 0 0 0 0  = 6
jap-249-101 0 0 0 0 0 0 0 0 0 0  = 0
jap-85-841 1 6 4 0 1 0 0 0 0 0  = 12
jap-83-108 0 0 0 0 0 0 0 0 0 0  = 0
jap-83-821 -1 6 4 0 -1 0 0 0 0 0  = 10
jap-583-710 -1 2 2 0 1 0 0 0 0 0  = 5
jap-83-828 -1 6 4 0 -1 0 0 0 0 0  = 10
jap-583-018 1 6 2 0 -1 0 0 0 0 0  = 9
jap-83-918 1 0 0 0 1 0 0 0 0 0  = 2
jap-143-801 -1 0 1 0 1 0 0 0 0 0  = 2
Kor-lang-07 0 0 0 0 0 0 0 0 0 0  = 0
jap-583-713 -1 1 4 0 1 0 0 0 0 0  = 6
jap-83-104 1 0 4 0 -1 0 0 0 0 0  = 5
jap-583-812 0 0 0 0 0 0 0 0 0 0  = 0
jap-lang-03 1 4 4 0 1 0 0 0 0 0  = 10
kor-dip-705 0 0 0 0 0 0 0 0 0 0  = 0
jap-47-701 1 0 4 0 1 0 0 0 0 0  = 6
jap-83-911 1 0 4 0 1 0 0 0 0 0  = 6
jap-583-806 1 0 2 0 1 0 0 0 0 0  = 4
test 0 0 0 0 0 0 0 0 0 0  = 0
jap-lang-01 1 6 4 0 -1 0 0 0 0 0  = 11
kor-epi-901 0 0 0 0 0 0 0 0 0 0  = 0
jap-83-107 1 0 4 0 -1 0 0 0 0 0  = 5
jap-583-709 1 0 0 0 1 0 0 0 0 0  = 2
jap-83-106 0 0 0 0 0 0 0 0 0 0  = 0
jap-83-834 1 0 0 0 -1 1 0 0 0 0  = 2
jap-83-914 -1 0 2 4 -1 0 0 0 0 0  = 6
jap-583-715 -1 1 4 0 1 0 0 0 0 0  = 6
kor-dip-704 0 0 0 0 0 0 0 0 0 0  = 0
jap-12-101 0 0 0 0 0 0 0 0 0 0  = 0
jap-143-704 -1 0 4 0 1 0 0 0 0 0  = 5
jap-350-801 1 0 4 0 1 0 0 0 0 0  = 6
jap-371-101 1 6 4 0 -1 0 0 0 0 0  = 11
jap-83-111 1 6 4 0 -1 0 0 0 0 0  = 11
jap-632-101 0 0 0 0 0 0 0 0 0 0  = 0
jap-83-105 1 0 4 0 -1 0 0 0 0 0  = 5
jap-83-916 0 0 0 0 0 0 0 0 0 0  = 0
jap-583-811 -1 1 4 0 1 0 0 0 0 0  = 6
jap-83-824 -1 6 0 0 -1 0 0 0 0 0  = 6
jap-83-112 1 6 4 0 1 0 0 0 0 0  = 12
jap-83-820 0 0 0 0 0 0 0 0 0 0  = 0
jap-83-113 1 6 4 0 1 0 0 0 0 0  = 12
jap-lang-14 0 0 0 0 0 0 0 0 0 0  = 0
jap-83-910 1 0 0 0 -1 0 0 0 0 0  = 1
jap-143-702 -1 2 0 0 1 0 0 0 0 0  = 3
jap-632-003 0 0 0 0 0 0 0 0 0 0  = 0
jap-83-912 1 1 2 0 1 0 0 0 0 0  = 5
kor-dip-701 0 0 0 0 0 0 0 0 0 0  = 0
jap-83-913 1 4 4 0 1 0 0 0 0 0  = 10
jap-83-919 -1 0 4 0 1 0 0 0 0 0  = 5
Kor-lang-08 0 0 0 0 0 0 0 0 0 0  = 0
jap-126-501 1 2 4 0 -1 0 0 0 0 0  = 7
jap-83-915 0 0 0 0 0 0 0 0 0 0  = 0
jap-83-917 1 0 0 0 1 0 0 0 0 0  = 2
jap-83-832 0 0 0 0 0 0 0 0 0 0  = 0
jap-83-822 -1 6 4 0 -1 0 0 0 0 0  = 10
jap-143-703 1 0 4 0 1 0 0 0 0 0  = 6
jap-83-823 0 0 0 0 0 0 0 0 0 0  = 0
