submitor ; 9;1;1;1;15;4;1;10;0;0;9;9;5;12;;=;77
YA78-002 ; ;;;;;;;;;;;;;;;=;0
YA78-003 ; ;;;;;;;;;;;;;;;=;0
YA78-006 ; ;;;;;;;;;;;;;;;=;0
YA78-008 ; ;;;;;;;;;;;;;;;=;0
YA78-016 ; ;;;;;;;;;;;;;;;=;0
YA78-019 ; ;;;;;;;;;;;;;;;=;0
YA78-022 ; ;;;;;;;;;;;;;;;=;0
YA78-026 ; ;;;;;;;;;;;;;;;=;0
YA78-013 ; 9;0;0;1;11;2;1;8;0;3;5;7;5;9;;=;61
YA78-012 ; 9;1;0;1;9;2;1;10;0;3;5;6;3;9;;=;59
YA78-001 ; 9;;0;1;2;1;;8;0;3;1;2;1;4;;=;32
YA78-007 ; 9;1;0;1;2;;;8;0;1;2;1;5;4;;=;34
YA78-024 ; 5;1;0;0;0;0;0;2;0;0;0;1;5;0;;=;14
YA78-023 ; 5;1;0;0;8;;1;4;;1;;1;3;;;=;24
YA78-017 ; 3;1;0;1;13;0;0;4;0;3;3;6;5;5;;=;44
YA78-015 ; 5;1;0;1;6;2;1;3;0;1;;1;3;;;=;24
YA78-020 ; 5;1;0;1;4;2;1;1;0;0;3;5;5;;;=;28
YA78-009 ; 9;1;1;1;7;0;0;7;0;0;4;6;5;12;;=;53
YA78-010 ; 9;1;0;1;15;2;1;10;0;0;1;;;;;=;40
YA78-005 ; 9;1;1;1;12;4;1;10;0;3;5;5;5;12;;=;69
YA78-004 ; 9;1;1;1;10;2;1;0;0;1;2;3;2;10;;=;43
YA78-028 ; ;;;;;;;;;;;;;;;=;0
YA78-029 ; ;;;;;;;;;;;;;;;=;0
YA78-030 ; ;;;;;;;;;;;;;;;=;0
YA78-031 ; ;;;;;;;;;;;;;;;=;0
YA78-032 ; ;;;;;;;;;;;;;;;=;0
YA78-033 ; ;;;;;;;;;;;;;;;=;0
YA78-034 ; ;;;;;;;;;;;;;;;=;0
YA78-035 ; ;;;;;;;;;;;;;;;=;0
YA78-036 ; ;;;;;;;;;;;;;;;=;0
YA78-037 ; ;;;;;;;;;;;;;;;=;0
YA78-038 ; 9;1;1;1;13;4;1;9;0;0;9;9;5;12;;=;74
YA78-039 ; ;;;;;;;;;;;;;;;=;0
YA78-040 ; ;;;;;;;;;;;;;;;=;0
YA78-041 ; ;;;;;;;;;;;;;;;=;0
YA78-042 ; ;;;;;;;;;;;;;;;=;0
YA78-043 ; ;;;;;;;;;;;;;;;=;0
YA78-044 ; ;;;;;;;;;;;;;;;=;0
YA78-045 ; ;;;;;;;;;;;;;;;=;0
YA78-046 ; ;;;;;;;;;;;;;;;=;0
YA78-047 ; ;;;;;;;;;;;;;;;=;0
YA78-048 ; ;;;;;;;;;;;;;;;=;0
YA78-049 ; ;;;;;;;;;;;;;;;=;0
YA78-050 ; ;;;;;;;;;;;;;;;=;0
YA78-051 ; ;;;;;;;;;;;;;;;=;0
YA78-052 ; ;;;;;;;;;;;;;;;=;0
YA78-053 ; ;;;;;;;;;;;;;;;=;0
YA78-054 ; ;;;;;;;;;;;;;;;=;0
YA78-055 ; ;;;;;;;;;;;;;;;=;0
YA78-056 ; ;;;;;;;;;;;;;;;=;0
YA78-057 ; ;;;;;;;;;;;;;;;=;0
YA78-058 ; ;;;;;;;;;;;;;;;=;0
YA78-059 ; ;;;;;;;;;;;;;;;=;0
YA78-060 ; ;;;;;;;;;;;;;;;=;0
YA78-061 ; ;;;;;;;;;;;;;;;=;0
YA78-062 ; ;;;;;;;;;;;;;;;=;0
YA78-063 ; ;;;;;;;;;;;;;;;=;0
YA78-064 ; ;;;;;;;;;;;;;;;=;0
YA78-065 ; ;;;;;;;;;;;;;;;=;0
YA911-002 ; ;;;;;;;;;;;;;;;=;0
YA911-004 ; ;;;;;;;;;;;;;;;=;0
YA911-005 ; ;;;;;;;;;;;;;;;=;0
YA911-006 ; ;;;;;;;;;;;;;;;=;0
YA911-007 ; ;;;;;;;;;;;;;;;=;0
YA911-012 ; ;;;;;;;;;;;;;;;=;0
YA911-013 ; ;;;;;;;;;;;;;;;=;0
YA911-024 ; ;;;;;;;;;;;;;;;=;0
YA911-028 ; ;;;;;;;;;;;;;;;=;0
YA911-029 ; ;;;;;;;;;;;;;;;=;0
YA911-030 ; ;;;;;;;;;;;;;;;=;0
YA911-031 ; ;;;;;;;;;;;;;;;=;0
YA911-033 ; ;;;;;;;;;;;;;;;=;0
YA911-035 ; ;;;;;;;;;;;;;;;=;0
YA911-042 ; ;;;;;;;;;;;;;;;=;0
YA911-043 ; ;;;;;;;;;;;;;;;=;0
YA911-044 ; ;;;;;;;;;;;;;;;=;0
YA911-045 ; ;;;;;;;;;;;;;;;=;0
YA911-046 ; ;;;;;;;;;;;;;;;=;0
YA911-048 ; ;;;;;;;;;;;;;;;=;0
YA911-022 ; 9;1;0;1;15;2;1;10;0;3;2;9;5;10;;=;68
YA911-021 ; 9;1;0;1;1;3;1;3;0;3;0;9;5;11;;=;47
YA911-014 ; 8;0;0;1;5;4;1;7;0;1;4;5;5;10;;=;51
YA911-011 ; 9;1;0;1;4;2;0;10;0;1;2;3;3;9;;=;45
YA911-009 ; 9;1;0;1;9;4;1;10;0;3;1;5;5;10;;=;59
YA911-017 ; 9;0;1;1;5;0;1;0;0;1;2;1;5;9;;=;35
YA911-016 ; 9;1;0;1;10;2;1;8;0;3;4;7;3;12;;=;61
YA911-010 ; 9;0;0;1;6;2;0;10;0;1;2;9;3;12;;=;55
YA911-008 ; 8;1;1;1;15;2;0;5;0;0;0;9;3;6;;=;51
YA911-018 ; 9;1;0;1;12;2;1;8;0;0;1;7;5;8;;=;55
YA911-015 ; 9;1;1;1;12;2;1;10;0;3;6;9;5;12;;=;72
YA911-026 ; 7;0;0;1;10;2;0;5;0;3;0;5;2;8;;=;43
YA911-027 ; 9;0;0;0;8;0;1;2;0;3;3;3;3;11;;=;43
YA911-003 ; 9;1;1;1;15;2;1;10;0;0;9;9;5;12;;=;75
YA78-027 ; 6;1;0;0;4;0;0;3;0;0;1;0;5;2;;=;22
YA911-038 ; 9;1;0;1;15;2;1;10;1;3;7;9;5;12;;=;76
YA911-034 ; 7;1;0;1;0;2;1;2;0;1;2;1;3;3;;=;24
YA911-039 ; 6;1;0;1;1;2;1;3;0;1;2;1;3;1;;=;23
YA911-032 ; 7;0;0;1;7;2;1;7;0;3;1;9;5;9;;=;52
YA911-041 ; 7;0;0;1;14;1;1;10;0;3;;2;5;0;;=;44
YA911-047 ; 9;0;1;1;15;1;1;10;0;3;7;7;;12;;=;67
YA911-040 ; 7;0;0;1;13;0;1;10;0;3;;9;5;;;=;49
YA911-037 ; 9;0;0;1;10;1;0;8;0;3;;;;;;=;32
YA911-049 ; ;;;;;;;;;;;;;;;=;0
YA911-050 ; ;;;;;;;;;;;;;;;=;0
YA911-051 ; ;;;;;;;;;;;;;;;=;0
YA911-052 ; ;;;;;;;;;;;;;;;=;0
YA911-053 ; ;;;;;;;;;;;;;;;=;0
YA911-054 ; ;;;;;;;;;;;;;;;=;0
YA911-055 ; ;;;;;;;;;;;;;;;=;0
YA911-056 ; ;;;;;;;;;;;;;;;=;0
YA911-057 ; ;;;;;;;;;;;;;;;=;0
YA911-058 ; ;;;;;;;;;;;;;;;=;0
YA911-059 ; ;;;;;;;;;;;;;;;=;0
YA911-060 ; ;;;;;;;;;;;;;;;=;0
YA911-061 ; ;;;;;;;;;;;;;;;=;0
YA911-062 ; ;;;;;;;;;;;;;;;=;0
YA911-063 ; ;;;;;;;;;;;;;;;=;0
YA911-064 ; ;;;;;;;;;;;;;;;=;0
YA911-065 ; ;;;;;;;;;;;;;;;=;0
YA911-023 ; 9;1;0;1;;2;1;10;;3;;9;5;1;;=;42
YA78-014 ; 5;0;1;1;;2;1;0;;3;0;3;2;1;;=;19
YA911-020 ; 9;1;0;1;2;1;1;10;0;3;2;9;5;8;;=;52
YA78-011 ; 9;1;0;0;7;2;0;1;0;3;5;3;2;12;;=;45
YA911-019 ; 9;1;0;1;11;2;1;0;0;3;;7;5;8;;=;48
YA911-025 ; 5;0;0;0;3;1;0;3;0;1;0;3;3;9;;=;28
YA911-036 ; 9;1;0;1;8;2;1;6;0;3;;2;3;;;=;36
YA78-021 ; 5;1;0;0;8;2;1;3;0;0;1;3;5;1;;=;30
YA78-018 ; 3;1;0;1;13;0;0;4;0;3;3;6;5;5;;=;44
YA911-001 ; 9;1;1;1;15;2;1;10;1;;9;9;5;10;;=;74
YA78-025 ; 9;;0;;13;;1;7;;3;;;3;;;=;36
