Kor-lang-09 0 0 0 0 0 0 0 0 0 0  = 0
Kor-lang-05 0 0 0 0 0 0 0 0 0 0  = 0
Kor-lang-04 0 0 0 0 0 0 0 0 0 0  = 0
jap-lang-13 0 0 0 0 0 0 0 0 0 0  = 0
jap-lang-12 0 0 0 0 0 0 0 0 0 0  = 0
jap-lang-11 0 0 0 0 0 0 0 0 0 0  = 0
jap-lang-08 0 0 0 0 0 0 0 0 0 0  = 0
jap-lang-02 0 6 4 7 0 3 3 9 6 5  = 43
kor-epi-902 0 0 0 0 0 0 0 0 0 0  = 0
kor-dip-703 0 0 0 0 0 0 0 0 0 0  = 0
jap-lang-06 0 0 0 0 0 0 0 0 0 0  = 0
kor-dip-702 0 0 0 0 0 0 0 0 0 0  = 0
kor-ari-102 0 0 0 0 0 0 0 0 0 0  = 0
kor-639-001 0 0 0 0 0 0 0 0 0 0  = 0
kor-572-701 0 0 0 0 0 0 0 0 0 0  = 0
kor-567-001 0 0 0 0 0 0 0 0 0 0  = 0
kor-546-901 0 0 0 0 0 0 0 0 0 0  = 0
kor-ari-801 0 0 0 0 0 0 0 0 0 0  = 0
kor-337-101 0 0 0 0 0 0 0 0 0 0  = 0
jap-85-102 0 0 4 0 0 0 0 9 6 4  = 23
jap-83-740 0 0 2 5 0 3 0 0 6 5  = 21
jap-83-739 0 6 2 5 0 3 0 0 6 5  = 27
jap-lang-07 0 0 0 0 0 0 0 0 0 0  = 0
jap-83-738 0 6 2 5 0 3 0 9 6 5  = 36
jap-83-737 0 6 2 5 0 3 0 0 6 5  = 27
jap-83-836 0 0 0 4 0 2 0 7 6 0  = 19
jap-83-835 0 0 2 7 0 3 1 1 6 3  = 23
jap-83-833 0 0 0 4 0 0 1 7 6 0  = 18
jap-83-830 0 0 0 0 0 0 0 0 0 0  = 0
jap-83-829 0 0 0 0 0 0 0 0 0 0  = 0
jap-83-831 0 0 0 0 0 0 0 0 0 0  = 0
jap-83-827 0 1 2 5 0 3 2 2 6 2  = 23
Kor-lang-10 0 0 0 0 0 0 0 0 0 0  = 0
jap-83-826 0 6 0 7 0 2 3 0 0 5  = 23
jap-83-825 0 0 4 5 0 3 2 5 6 5  = 30
jap-583-714 0 0 0 7 0 3 2 0 6 1  = 19
jap-lang-10 0 0 0 0 0 0 0 0 0 0  = 0
jap-583-705 0 0 2 7 0 3 2 6 3 5  = 28
jap-478-101 0 1 4 0 0 1 0 0 0 1  = 7
jap-lang-04 0 0 4 5 0 3 2 7 0 0  = 21
jap-331-111 0 0 0 0 0 0 0 0 0 0  = 0
jap-583-808 0 4 0 5 0 0 3 9 6 3  = 30
Kor-lang-06 0 0 0 0 0 0 0 0 0 0  = 0
jap-lang-09 0 0 0 0 0 0 0 0 0 0  = 0
jap-583-704 0 1 4 7 0 3 2 4 6 5  = 32
jap-583-817 0 0 1 3 0 3 1 4 3 1  = 16
kor-pbmo-001 0 0 0 0 0 0 0 0 0 0  = 0
jap-632-102 0 0 0 0 0 0 0 0 0 0  = 0
jap-583-003 0 6 2 0 0 0 0 5 6 5  = 24
jap-583-002 0 0 4 5 0 0 0 5 4 3  = 21
jap-583-801 0 0 1 1 0 0 0 0 0 0  = 2
jap-583-016 0 0 0 0 0 0 0 0 0 0  = 0
jap-lang-05 0 0 0 0 0 0 0 0 0 0  = 0
jap-583-807 0 6 4 7 0 0 3 9 6 5  = 40
jap-83-909 0 4 4 0 0 3 3 9 6 5  = 34
jap-143-705 0 3 2 7 0 0 0 4 6 5  = 27
jap-249-101 0 0 0 0 0 0 0 0 0 0  = 0
jap-85-841 0 6 4 7 0 3 2 0 6 0  = 28
jap-83-108 0 0 0 0 0 0 0 0 0 0  = 0
jap-83-821 0 6 4 5 0 3 3 0 6 5  = 32
jap-583-710 0 2 2 7 0 3 2 6 6 5  = 33
jap-83-828 0 6 4 4 0 2 3 0 6 5  = 30
jap-583-018 0 6 2 0 0 0 0 5 6 5  = 24
jap-83-918 0 0 0 0 0 2 0 0 6 2  = 10
jap-143-801 0 0 1 0 0 0 0 0 0 2  = 3
Kor-lang-07 0 0 0 0 0 0 0 0 0 0  = 0
jap-583-713 0 1 4 7 0 3 2 6 6 5  = 34
jap-83-104 0 0 4 5 0 0 0 7 4 5  = 25
jap-583-812 0 0 0 0 0 0 0 0 0 0  = 0
jap-lang-03 0 4 4 7 0 3 3 9 6 5  = 41
kor-dip-705 0 0 0 0 0 0 0 0 0 0  = 0
jap-47-701 0 0 4 7 0 3 3 9 6 5  = 37
jap-83-911 0 0 4 7 0 3 0 7 6 5  = 32
jap-583-806 0 0 2 3 0 0 0 4 6 1  = 16
test 0 0 0 0 0 0 0 0 0 0  = 0
jap-lang-01 0 6 4 7 0 3 3 9 6 5  = 43
kor-epi-901 0 0 0 0 0 0 0 0 0 0  = 0
jap-83-107 0 0 4 0 0 0 0 0 0 2  = 6
jap-583-709 0 0 0 7 0 2 1 0 0 0  = 10
jap-83-106 0 0 0 0 0 0 0 0 0 0  = 0
jap-83-834 0 0 0 0 0 2 3 7 6 0  = 18
jap-83-914 0 0 2 4 0 0 1 2 4 3  = 16
jap-583-715 0 1 4 7 0 3 2 6 6 5  = 34
kor-dip-704 0 0 0 0 0 0 0 0 0 0  = 0
jap-12-101 0 0 0 0 0 0 0 0 0 0  = 0
jap-143-704 0 0 4 4 0 3 1 1 6 0  = 19
jap-350-801 0 0 4 7 0 3 3 9 6 5  = 37
jap-371-101 0 6 4 7 0 2 3 7 6 5  = 40
jap-83-111 0 6 4 7 0 3 3 9 6 5  = 43
jap-632-101 0 0 0 0 0 0 0 0 0 0  = 0
jap-83-105 0 0 4 7 0 3 2 7 6 5  = 34
jap-83-916 0 0 0 0 0 0 0 0 0 0  = 0
jap-583-811 0 1 4 0 0 3 0 0 0 0  = 8
jap-83-824 0 6 0 4 0 3 3 5 6 5  = 32
jap-83-112 0 6 4 7 0 3 3 9 6 5  = 43
jap-83-820 0 0 0 0 0 0 0 0 0 0  = 0
jap-83-113 0 6 4 7 0 0 0 0 6 0  = 23
jap-lang-14 0 0 0 0 0 0 0 0 0 0  = 0
jap-83-910 0 0 0 0 0 0 1 0 0 0  = 1
jap-143-702 0 2 0 3 0 2 1 2 2 0  = 12
jap-632-003 0 0 0 0 0 0 0 0 0 0  = 0
jap-83-912 0 1 2 4 0 3 2 0 6 3  = 21
kor-dip-701 0 0 0 0 0 0 0 0 0 0  = 0
jap-83-913 0 4 4 0 0 3 3 9 6 5  = 34
jap-83-919 0 0 4 3 0 2 3 5 4 5  = 26
Kor-lang-08 0 0 0 0 0 0 0 0 0 0  = 0
jap-126-501 0 2 4 7 0 0 0 9 4 5  = 31
jap-83-915 0 0 0 0 0 0 0 0 0 0  = 0
jap-83-917 0 0 0 0 0 2 0 0 6 2  = 10
jap-83-832 0 0 0 0 0 0 0 0 0 0  = 0
jap-83-822 0 6 4 5 0 3 3 0 6 5  = 32
jap-143-703 0 0 4 5 0 2 2 0 0 2  = 15
jap-83-823 0 0 0 0 0 0 0 0 0 0  = 0
