70701 0 0 0 0 0 0 0 0 0 0 0 0 0 0 0 0 0 0 0 0 0 0 0  = 0
71602 1 1 -1 -1 1 -1 1 1 -1 -1 -1 -1 -1 -1 -1 -1 -1 -1 -1 -1 -1 0 -1  = 5
71412 1 1 1 1 1 1 1 1 1 1 1 1 -1 -1 -1 -1 1 -1 -1 1 -1 -1 -1  = 14
71405 1 0 1 1 1 -1 1 1 1 -1 1 1 1 -1 1 1 1 1 -1 1 0 0 -1  = 15
70301 1 1 -1 1 -1 1 1 -1 1 -1 1 1 1 1 1 1 1 1 -1 1 -1 0 -1  = 15
70601 1 1 1 1 -1 1 1 1 1 -1 1 -1 1 1 1 1 1 -1 -1 -1 -1 -1 -1  = 14
70811 0 0 0 0 0 0 0 0 0 0 0 0 0 0 0 0 0 0 0 0 0 0 0  = 0
70809 1 1 1 1 1 1 1 1 -1 1 1 1 1 1 -1 1 1 1 1 -1 -1 -1 -1  = 17
70807 -1 -1 1 1 1 1 1 1 -1 1 1 1 -1 1 -1 1 1 1 -1 0 -1 -1 -1  = 13
70805 0 0 0 0 0 0 0 0 0 0 0 0 0 0 0 0 0 0 0 0 0 0 0  = 0
70801 0 0 0 0 0 0 0 0 0 0 0 0 0 0 0 0 0 0 0 0 0 0 0  = 0
70602 1 1 1 1 1 1 1 -1 1 -1 1 -1 -1 -1 -1 -1 1 -1 1 -1 -1 -1 -1  = 11
71109 1 1 1 1 1 -1 -1 1 1 -1 1 1 1 1 1 -1 -1 1 1 -1 -1 -1 -1  = 14
71108 0 0 0 0 0 0 0 0 0 0 0 0 0 0 0 0 0 0 0 0 0 0 0  = 0
70501 0 0 0 0 0 0 0 0 0 0 0 0 0 0 0 0 0 0 0 0 0 0 0  = 0
70131 1 1 1 1 1 1 1 1 1 -1 1 1 1 1 -1 -1 1 1 1 1 -1 -1 -1  = 17
70129 1 1 1 1 1 1 1 1 -1 -1 -1 1 1 1 1 -1 1 -1 -1 -1 0 -1 -1  = 13
70810 1 1 1 1 -1 1 1 1 -1 1 1 -1 -1 1 -1 -1 -1 -1 -1 -1 0 -1 -1  = 10
70119 1 1 1 1 1 1 1 1 1 -1 1 1 1 1 -1 1 -1 1 -1 -1 -1 -1 -1  = 15
70116 0 0 0 0 0 0 0 0 0 0 0 0 0 0 0 0 0 0 0 0 0 0 0  = 0
70112 0 0 0 0 0 0 0 0 0 0 0 0 0 0 0 0 0 0 0 0 0 0 0  = 0
70110 1 1 1 1 1 1 1 1 1 1 1 1 1 1 -1 -1 1 1 1 1 -1 -1 -1  = 18
70109 1 1 1 1 1 1 1 1 1 1 1 1 1 1 -1 1 1 1 1 1 -1 -1 -1  = 19
71104 1 1 1 1 1 -1 1 1 1 -1 1 1 1 1 -1 1 1 1 1 -1 -1 -1 -1  = 16
70108 1 1 1 -1 1 1 1 1 1 -1 1 1 1 1 1 1 -1 1 1 1 -1 0 -1  = 17
70502 0 0 0 0 0 0 0 0 0 0 0 0 0 0 0 0 0 0 0 0 0 0 0  = 0
71410 1 1 1 1 1 1 1 1 1 -1 -1 -1 -1 -1 -1 -1 -1 -1 -1 -1 -1 -1 -1  = 9
70802 1 1 1 1 1 1 1 1 -1 1 1 -1 1 1 -1 1 1 1 1 -1 -1 -1 -1  = 16
70124 1 1 1 1 1 1 1 1 1 -1 1 1 1 1 1 -1 -1 -1 -1 -1 -1 -1 -1  = 14
71409 1 1 1 1 1 1 1 -1 1 -1 1 1 1 1 1 -1 -1 -1 1 -1 -1 -1 -1  = 14
71408 1 1 1 1 1 1 1 1 1 -1 -1 -1 -1 -1 -1 -1 -1 -1 -1 -1 -1 -1 -1  = 9
71404 1 1 1 -1 -1 1 1 -1 -1 -1 1 1 -1 1 1 -1 -1 -1 -1 -1 -1 -1 -1  = 9
70504 0 0 0 0 0 0 0 0 0 0 0 0 0 0 0 0 0 0 0 0 0 0 0  = 0
71107 1 1 1 1 1 1 1 -1 1 -1 1 1 1 1 1 1 1 -1 -1 -1 -1 -1 -1  = 15
71402 -1 1 1 1 1 1 1 1 1 -1 1 1 1 1 -1 1 1 -1 1 1 -1 -1 -1  = 16
71106 1 1 1 1 1 1 1 1 1 -1 1 1 1 1 1 -1 -1 -1 1 -1 -1 -1 -1  = 15
70806 0 0 0 0 0 0 0 0 0 0 0 0 0 0 0 0 0 0 0 0 0 0 0  = 0
71103 1 1 1 1 1 1 1 -1 1 1 1 1 1 1 -1 1 1 -1 1 1 -1 -1 -1  = 17
60801 1 1 -1 1 -1 1 1 1 -1 1 -1 1 1 1 -1 1 -1 1 1 -1 -1 -1 -1  = 13
61107 -1 1 1 1 -1 1 1 1 -1 0 0 0 0 0 0 0 0 0 0 0 0 0 0  = 6
60131 0 0 0 0 0 0 0 0 0 0 0 0 0 0 0 0 0 0 0 0 0 0 0  = 0
60132 1 1 1 1 1 1 1 1 1 1 1 1 1 1 -1 1 1 1 1 1 -1 -1 -1  = 19
61101 1 1 1 1 -1 -1 1 1 1 1 1 1 1 1 -1 -1 1 1 -1 -1 -1 -1 -1  = 14
60119 0 0 0 0 0 0 0 0 0 0 0 0 0 0 0 0 0 0 0 0 0 0 0  = 0
60109 1 1 1 1 1 1 1 1 1 -1 1 1 1 1 1 1 -1 1 -1 -1 -1 0 -1  = 16
61102 1 1 1 1 1 1 1 -1 1 1 1 1 1 1 1 1 1 1 1 -1 0 -1 -1  = 18
71507 0 0 0 0 0 0 0 0 0 0 0 0 0 0 0 0 0 0 0 0 0 0 0  = 0
71407 0 0 0 0 0 0 0 0 0 0 0 0 0 0 0 0 0 0 0 0 0 0 0  = 0
60504 0 0 0 0 0 0 0 0 0 0 0 0 0 0 0 0 0 0 0 0 0 0 0  = 0
61601 0 0 0 0 0 0 0 0 0 0 0 0 0 0 0 0 0 0 0 0 0 0 0  = 0
71403 1 1 1 1 1 1 1 -1 1 1 -1 -1 -1 1 -1 1 1 -1 -1 -1 -1 -1 -1  = 12
61103 1 1 -1 -1 -1 1 1 1 1 -1 -1 1 1 1 -1 1 -1 -1 1 1 -1 -1 -1  = 12
61801 0 0 0 0 0 0 0 0 0 0 0 0 0 0 0 0 0 0 0 0 0 0 0  = 0
71401 1 1 0 1 1 1 1 -1 1 1 -1 -1 -1 -1 0 -1 -1 -1 -1 0 0 -1 -1  = 8
60114 0 0 0 0 0 0 0 0 0 0 0 0 0 0 0 0 0 0 0 0 0 0 0  = 0
61104 1 1 -1 1 -1 1 1 -1 -1 -1 1 1 1 1 1 -1 1 1 1 -1 -1 -1 -1  = 13
70503 0 0 0 0 0 0 0 0 0 0 0 0 0 0 0 0 0 0 0 0 0 0 0  = 0
71701 1 1 0 1 1 1 1 1 1 1 1 -1 1 1 -1 1 -1 -1 -1 -1 0 -1 -1  = 13
60111 1 1 1 1 1 1 1 1 1 1 1 1 -1 1 -1 1 -1 -1 -1 -1 -1 -1 -1  = 14
61701 0 0 0 0 0 0 0 0 0 0 0 0 0 0 0 0 0 0 0 0 0 0 0  = 0
61105 1 1 1 1 -1 -1 1 1 1 -1 1 -1 1 1 1 -1 1 -1 1 1 -1 -1 -1  = 14
61703 1 1 1 1 1 1 1 -1 1 1 1 1 1 1 -1 1 1 1 -1 -1 -1 -1 -1  = 16
71711 1 1 -1 1 -1 1 1 -1 1 -1 1 1 1 1 1 1 -1 1 1 -1 -1 -1 -1  = 14
70128 0 0 0 0 0 0 0 0 0 0 0 0 0 0 0 0 0 0 0 0 0 0 0  = 0
61110 1 1 1 1 1 1 1 -1 1 1 -1 -1 1 1 -1 -1 1 1 -1 -1 -1 -1 -1  = 13
60108 1 1 1 1 1 1 -1 1 -1 -1 1 -1 -1 1 -1 1 -1 1 1 1 -1 -1 -1  = 13
71702 1 1 1 1 1 -1 1 -1 1 1 1 1 1 1 -1 1 1 -1 1 -1 -1 -1 -1  = 15
71710 1 1 1 1 1 1 1 -1 1 1 -1 1 1 -1 -1 1 1 -1 1 -1 -1 -1 -1  = 14
71601 1 1 1 -1 -1 -1 1 -1 1 -1 -1 1 1 1 -1 -1 1 -1 1 -1 0 -1 -1  = 10
71505 -1 -1 1 1 1 1 1 1 -1 1 1 -1 1 1 -1 -1 -1 -1 -1 -1 0 -1 -1  = 10
71406 1 1 1 1 1 1 1 1 1 1 1 -1 1 -1 -1 0 1 -1 -1 1 -1 -1 -1  = 14
61704 1 1 1 1 1 1 1 -1 -1 1 1 1 0 1 -1 1 1 1 -1 -1 -1 0 -1  = 14
71411 1 1 1 1 1 1 1 -1 1 1 1 1 1 1 -1 -1 1 1 1 -1 0 -1 -1  = 16
70804 0 0 0 0 0 0 0 0 0 0 0 0 0 0 0 0 0 0 0 0 0 0 0  = 0
61702 0 0 0 0 0 0 0 0 0 0 0 0 0 0 0 0 0 0 0 0 0 0 0  = 0
71501 0 0 0 0 0 0 0 0 0 0 0 0 0 0 0 0 0 0 0 0 0 0 0  = 0
60503 0 0 0 0 0 0 0 0 0 0 0 0 0 0 0 0 0 0 0 0 0 0 0  = 0
61401 1 1 1 1 1 1 1 1 1 -1 1 1 1 1 1 1 1 -1 1 1 -1 -1 -1  = 18
61108 0 0 0 0 0 0 0 0 0 0 0 0 0 0 0 0 0 0 0 0 0 0 0  = 0
70506 -1 1 1 1 1 1 -1 -1 1 -1 1 1 1 1 1 1 1 -1 -1 -1 0 -1 -1  = 13
71704 1 1 1 1 1 1 1 1 1 1 1 1 1 1 0 1 1 1 1 1 -1 -1 -1  = 19
71709 1 1 1 1 1 1 1 -1 -1 1 1 1 1 1 -1 1 -1 -1 1 -1 -1 -1 -1  = 14
71102 1 1 1 1 1 -1 1 1 1 1 -1 -1 1 1 1 -1 -1 1 1 1 -1 -1 -1  = 15
60601 -1 1 1 1 1 1 1 1 1 -1 1 1 1 1 1 1 1 -1 1 -1 -1 -1 -1  = 16
60602 -1 1 1 1 1 1 1 1 1 -1 1 1 1 1 1 1 1 -1 1 -1 -1 -1 -1  = 16
60136 1 1 1 1 1 1 1 1 1 1 1 1 1 1 -1 1 1 1 1 1 0 -1 -1  = 19
71503 1 1 1 1 1 1 1 -1 1 1 1 1 1 1 -1 1 -1 -1 -1 -1 0 -1 -1  = 14
60301 1 1 -1 -1 -1 -1 1 -1 -1 -1 -1 0 -1 -1 1 1 1 1 1 -1 -1 -1 -1  = 8
61106 1 1 1 1 1 1 1 -1 1 -1 1 -1 1 1 -1 -1 1 1 1 -1 -1 -1 -1  = 14
60302 1 1 -1 1 1 1 -1 -1 -1 -1 1 -1 1 1 -1 1 1 1 1 -1 -1 -1 -1  = 12
60505 0 0 0 0 0 0 0 0 0 0 0 0 0 0 0 0 0 0 0 0 0 0 0  = 0
61402 1 1 1 1 1 1 1 1 1 1 1 1 1 1 1 1 1 1 1 1 0 -1 -1  = 20
60502 0 0 0 0 0 0 0 0 0 0 0 0 0 0 0 0 0 0 0 0 0 0 0  = 0
71712 1 1 1 1 1 1 1 1 1 -1 -1 1 1 1 1 1 1 1 1 -1 -1 -1 -1  = 17
71504 0 0 0 0 0 0 0 0 0 0 0 0 0 0 0 0 0 0 0 0 0 0 0  = 0
61109 0 0 0 0 0 0 0 0 0 0 0 0 0 0 0 0 0 0 0 0 0 0 0  = 0
71706 0 0 0 0 0 0 0 0 0 0 0 0 0 0 0 0 0 0 0 0 0 0 0  = 0
71703 -1 1 1 -1 1 1 -1 -1 1 1 1 1 1 1 -1 -1 -1 -1 1 -1 -1 -1 -1  = 11
71705 -1 1 1 1 1 1 -1 -1 1 -1 1 1 1 1 -1 -1 -1 1 -1 -1 -1 -1 -1  = 11
71105 1 1 1 1 -1 1 1 -1 1 1 1 -1 1 1 1 1 1 1 -1 -1 -1 -1 -1  = 15
71707 1 1 1 1 -1 1 1 1 -1 -1 -1 1 1 1 -1 -1 -1 -1 -1 -1 -1 -1 -1  = 10
71708 0 0 0 0 0 0 0 0 0 0 0 0 0 0 0 0 0 0 0 0 0 0 0  = 0
71201 0 0 0 0 0 0 0 0 0 0 0 0 0 0 0 0 0 0 0 0 0 0 0  = 0
70808 1 1 1 1 -1 1 1 -1 -1 1 -1 -1 1 1 -1 -1 -1 1 -1 -1 -1 -1 -1  = 10
70505 0 0 0 0 0 0 0 0 0 0 0 0 0 0 0 0 0 0 0 0 0 0 0  = 0
71506 0 0 0 0 0 0 0 0 0 0 0 0 0 0 0 0 0 0 0 0 0 0 0  = 0
70803 0 0 0 0 0 0 0 0 0 0 0 0 0 0 0 0 0 0 0 0 0 0 0  = 0
60501 0 0 0 0 0 0 0 0 0 0 0 0 0 0 0 0 0 0 0 0 0 0 0  = 0
71502 -1 1 1 -1 1 1 -1 1 1 1 1 1 1 1 -1 1 -1 -1 -1 -1 0 -1 -1  = 12
71101 1 1 1 1 1 1 1 -1 1 -1 1 -1 1 1 -1 -1 -1 -1 1 -1 -1 -1 -1  = 12
