ZAP00126 0 0 0 0 0 0 0 0  = 0
ZAP00125 0 0 0 0 0 0 0 0  = 0
ZAP00123 0 0 0 0 0 0 0 0  = 0
ZAP00121 0 0 0 0 0 0 0 0  = 0
ZAP00118 0 0 0 0 0 0 0 0  = 0
ZAP00116 0 0 0 0 0 0 0 0  = 0
ZAP00115 0 0 0 0 0 0 0 0  = 0
ZAP00114 0 0 0 0 0 0 0 0  = 0
ZAP00113 0 0 0 0 0 0 0 0  = 0
ZAP00111 0 0 0 0 0 0 0 0  = 0
ZAP00109 0 0 0 0 0 0 0 0  = 0
ZAP00108 0 0 0 0 0 0 0 0  = 0
ZAP00107 0 0 0 0 0 0 0 0  = 0
ZAP00103 0 0 0 0 0 0 0 0  = 0
ZAP00098 0 0 0 0 0 0 0 0  = 0
ZAP00096 0 0 0 0 0 0 0 0  = 0
ZAP00091 0 0 0 0 0 0 0 0  = 0
ZAP00089 0 0 0 0 0 0 0 0  = 0
ZAP00086 0 0 0 0 0 0 0 0  = 0
ZAP00081 0 0 0 0 0 0 0 0  = 0
ZAP00080 0 0 0 0 0 0 0 0  = 0
ZAP00075 0 0 0 0 0 0 0 0  = 0
ZAP00073 0 0 0 0 0 0 0 0  = 0
ZAP00071 0 0 0 0 0 0 0 0  = 0
ZAP00070 0 0 0 0 0 0 0 0  = 0
ZAP00069 0 0 0 0 0 0 0 0  = 0
ZAP00068 0 0 0 0 0 0 0 0  = 0
ZAP00067 0 0 0 0 0 0 0 0  = 0
ZAP00064 0 0 0 0 0 0 0 0  = 0
ZAP00062 0 0 0 0 0 0 0 0  = 0
ZAP00059 0 0 0 0 0 0 0 0  = 0
ZAP00057 0 0 0 0 0 0 0 0  = 0
ZAP00054 0 0 0 0 0 0 0 0  = 0
ZAP00053 0 0 0 0 0 0 0 0  = 0
ZAP00052 0 0 0 0 0 0 0 0  = 0
ZAP00050 0 0 0 0 0 0 0 0  = 0
ZAP00047 0 0 0 0 0 0 0 0  = 0
ZAP00046 0 0 0 0 0 0 0 0  = 0
ZAP00044 1 1 1 1 -1 1 1 0  = 6
ZAP00042 0 0 0 0 0 0 0 0  = 0
ZAP00040 -1 1 -1 -1 -1 1 -1 -1  = 2
ZAP00039 1 -1 1 1 1 1 1 -1  = 6
ZAP00110 0 0 0 0 0 0 0 0  = 0
ZAP00038 1 1 1 1 1 -1 1 -1  = 6
ZAP00037 1 1 -1 1 -1 -1 -1 -1  = 3
ZAP00036 1 -1 1 1 -1 1 1 -1  = 5
ZAP00033 1 1 1 1 1 1 1 -1  = 7
ZAP00032 0 0 0 0 0 0 0 0  = 0
ZAP00031 1 -1 -1 1 1 1 1 -1  = 5
ZAP00028 1 -1 1 1 1 1 1 -1  = 6
ZAP00026 0 0 0 0 0 0 0 0  = 0
ZAP00079 0 0 0 0 0 0 0 0  = 0
ZAP00025 0 0 0 0 0 0 0 0  = 0
ZAP00024 0 0 0 0 0 0 0 0  = 0
ZAP00022 0 0 0 0 0 0 0 0  = 0
ZAP00021 0 0 0 0 0 0 0 0  = 0
ZAP00018 0 0 0 0 0 0 0 0  = 0
ZAP00102 0 0 0 0 0 0 0 0  = 0
ZAP00017 0 0 0 0 0 0 0 0  = 0
ZAP00013 0 0 0 0 0 0 0 0  = 0
ZAP00011 -1 -1 -1 1 -1 -1 1 0  = 2
ZAP00088 0 0 0 0 0 0 0 0  = 0
ZAP00010 0 0 0 0 0 0 0 0  = 0
ZAP00008 0 0 0 0 0 0 0 0  = 0
ZAP00007 0 0 0 0 0 0 0 0  = 0
ZAP00006 0 0 0 0 0 0 0 0  = 0
ZAP00074 0 0 0 0 0 0 0 0  = 0
ZAP00005 1 -1 1 1 1 -1 1 -1  = 5
ZAP00094 0 0 0 0 0 0 0 0  = 0
ZAP00004 0 0 0 0 0 0 0 0  = 0
ZAP00003 0 0 0 0 0 0 0 0  = 0
ZAP00002 0 0 0 0 0 0 0 0  = 0
ZAP00001 0 0 0 0 0 0 0 0  = 0
RUS63203 0 0 0 0 0 0 0 0  = 0
RUS63202 0 0 0 0 0 0 0 0  = 0
RUS63201 0 0 0 0 0 0 0 0  = 0
RUS57001 -1 -1 1 -1 -1 -1 1 0  = 2
RUS44003 0 0 0 0 0 0 0 0  = 0
RUS44002 0 0 0 0 0 0 0 0  = 0
RUS44001 0 0 0 0 0 0 0 0  = 0
ZAP00009 0 0 0 0 0 0 0 0  = 0
RUS03329 0 0 0 0 0 0 0 0  = 0
ZAP00072 0 0 0 0 0 0 0 0  = 0
RUS03328 -1 -1 -1 -1 -1 -1 -1 0  = 0
RUS03327 0 0 0 0 0 0 0 0  = 0
RUS03326 0 0 0 0 0 0 0 0  = 0
RUS03325 -1 -1 -1 1 -1 1 1 -1  = 3
RUS03324 1 1 -1 1 -1 1 1 -1  = 5
RUS03322 1 1 1 1 -1 1 1 -1  = 6
RUS03321 1 1 1 1 -1 1 -1 -1  = 5
RUS03320 1 1 1 1 -1 1 1 -1  = 6
RUS03319 0 0 0 0 0 0 0 0  = 0
RUS03318 1 1 -1 1 -1 1 1 -1  = 5
RUS03315 -1 -1 1 1 -1 1 1 -1  = 4
RUS03314 0 0 0 0 0 0 0 0  = 0
RUS03312 1 0 1 1 -1 1 1 -1  = 5
RUS03310 0 0 0 0 0 0 0 0  = 0
RUS03309 0 0 0 0 0 0 0 0  = 0
RUS03308 0 0 0 0 0 0 0 0  = 0
RUS03307 0 0 0 0 0 0 0 0  = 0
RUS03306 0 0 0 0 0 0 0 0  = 0
RUS03304 0 0 0 0 0 0 0 0  = 0
RUS03303 0 0 0 0 0 0 0 0  = 0
RUS03302 0 0 0 0 0 0 0 0  = 0
RUS00210 0 0 0 0 0 0 0 0  = 0
RUS00209 0 0 0 0 0 0 0 0  = 0
RUS00208 0 0 0 0 0 0 0 0  = 0
RUS00205 0 0 0 0 0 0 0 0  = 0
lol 0 0 0 0 0 0 0 0  = 0
RUS00203 0 0 0 0 0 0 0 0  = 0
RUS00202 0 0 0 0 0 0 0 0  = 0
RUS43219 0 0 0 0 0 0 0 0  = 0
RUS43215 0 0 0 0 0 0 0 0  = 0
RUS21502 0 0 0 0 0 0 0 0  = 0
RUS65609 0 0 0 0 0 0 0 0  = 0
RUS43211 0 0 0 0 0 0 0 0  = 0
RUS01316 0 0 0 0 0 0 0 0  = 0
RUS06705 0 0 0 0 0 0 0 0  = 0
RUS31901 0 0 0 0 0 0 0 0  = 0
RUS43209 0 0 0 0 0 0 0 0  = 0
RUS00722 0 0 0 0 0 0 0 0  = 0
ZAP00016 0 0 0 0 0 0 0 0  = 0
RUS43208 0 0 0 0 0 0 0 0  = 0
RUS52213 0 0 0 0 0 0 0 0  = 0
RUS43203 0 0 0 0 0 0 0 0  = 0
RUS43901 0 0 0 0 0 0 0 0  = 0
RUS37025 0 0 0 0 0 0 0 0  = 0
RUS37024 1 1 1 1 1 1 1 -1  = 7
RUS43201 0 0 0 0 0 0 0 0  = 0
RUS37022 1 1 1 -1 1 1 1 -1  = 6
RUS00802 0 0 0 0 0 0 0 0  = 0
ZAP00065 0 0 0 0 0 0 0 0  = 0
RUS03323 1 -1 1 1 -1 1 1 -1  = 5
RUS37021 1 1 1 1 1 1 1 -1  = 7
RUS37020 0 0 0 0 0 0 0 0  = 0
ZAP00043 0 0 0 0 0 0 0 0  = 0
RUS47801 0 0 0 0 0 0 0 0  = 0
RUS37019 1 -1 -1 -1 0 0 1 -1  = 2
RUS37004 0 0 0 0 0 0 0 0  = 0
RUS37003 0 0 0 0 0 0 0 0  = 0
RUS52219 0 0 0 0 0 0 0 0  = 0
RUS37002 0 0 0 0 0 0 0 0  = 0
RUS52247 0 0 0 0 0 0 0 0  = 0
RUS01017 -1 -1 -1 1 -1 -1 -1 0  = 1
RUS43221 0 0 0 0 0 0 0 0  = 0
RUS43206 0 0 0 0 0 0 0 0  = 0
RUS60914 1 1 1 1 -1 1 1 0  = 6
RUS37011 0 0 0 0 0 0 0 0  = 0
RUS01804 0 0 0 0 0 0 0 0  = 0
RUS00811 0 0 0 0 0 0 0 0  = 0
RUS01802 0 0 0 0 0 0 0 0  = 0
RUS31413 1 -1 -1 1 -1 1 -1 0  = 3
RUS13123 -1 1 1 -1 -1 -1 -1 -1  = 2
RUSN1802 0 0 0 0 0 0 0 0  = 0
RUS13115 1 1 1 1 -1 1 1 -1  = 6
RUSN1811 -1 -1 -1 1 -1 1 -1 -1  = 2
RUSGR111 0 0 0 0 0 0 0 0  = 0
RUS13111 0 0 0 0 0 0 0 0  = 0
RUS04908 0 0 0 0 0 0 0 0  = 0
RUS13110 0 0 0 0 0 0 0 0  = 0
RUS13107 0 0 0 0 0 0 0 0  = 0
RUS01323 1 1 1 1 1 1 1 0  = 7
RUS21501 0 0 0 0 0 0 0 0  = 0
ZAP00106 0 0 0 0 0 0 0 0  = 0
RUS03330 1 -1 -1 -1 -1 1 -1 -1  = 2
RUS00116 -1 1 -1 -1 -1 1 1 0  = 3
RUS13118 1 1 1 1 -1 -1 1 -1  = 5
RUS38206 0 0 0 0 0 0 0 0  = 0
RUS01322 0 0 0 0 0 0 0 0  = 0
RUS01321 0 0 0 0 0 0 0 0  = 0
ZAP00066 0 0 0 0 0 0 0 0  = 0
RUS13101 0 0 0 0 0 0 0 0  = 0
RUS01320 1 1 1 1 1 1 1 0  = 7
RUS03101 0 0 0 0 0 0 0 0  = 0
RUSGR120 0 0 0 0 0 0 0 0  = 0
RUS01319 0 0 0 0 0 0 0 0  = 0
ZAP00015 1 1 1 1 1 1 1 -1  = 7
RUS01318 0 0 0 0 0 0 0 0  = 0
RUS61604 0 0 0 0 0 0 0 0  = 0
RUS43223 0 0 0 0 0 0 0 0  = 0
RUS52211 0 0 0 0 0 0 0 0  = 0
RUSGR117 0 0 0 0 0 0 0 0  = 0
RUS43218 0 0 0 0 0 0 0 0  = 0
RUS13119 1 -1 -1 -1 -1 1 1 -1  = 3
RUS01317 0 0 0 0 0 0 0 0  = 0
RUS60910 0 0 0 0 0 0 0 0  = 0
RUS13114 0 0 0 0 0 0 0 0  = 0
RUS61609 1 1 1 -1 -1 1 1 0  = 5
RUS27701 0 0 0 0 0 0 0 0  = 0
RUS01312 0 0 0 0 0 0 0 0  = 0
RUSGR121 1 -1 1 1 1 1 1 0  = 6
RUS01803 0 0 0 0 0 0 0 0  = 0
RUS01311 0 0 0 0 0 0 0 0  = 0
ZAP00012 0 0 0 0 0 0 0 0  = 0
RUS21504 0 0 0 0 0 0 0 0  = 0
RUSGR112 0 0 0 0 0 0 0 0  = 0
RUS00807 1 -1 -1 -1 -1 -1 -1 -1  = 1
ZAP00082 0 0 0 0 0 0 0 0  = 0
RUS01310 0 0 0 0 0 0 0 0  = 0
RUS06706 0 0 0 0 0 0 0 0  = 0
RUS01309 0 0 0 0 0 0 0 0  = 0
RUS01308 0 0 0 0 0 0 0 0  = 0
ZAP00100 0 0 0 0 0 0 0 0  = 0
RUS01304 0 0 0 0 0 0 0 0  = 0
RUS00102 0 0 0 0 0 0 0 0  = 0
RUS03104 0 0 0 0 0 0 0 0  = 0
RUS50207 0 0 0 0 0 0 0 0  = 0
RUS69001 0 0 0 0 0 0 0 0  = 0
RUS02208 0 0 0 0 0 0 0 0  = 0
RUS02206 0 0 0 0 0 0 0 0  = 0
RUS02204 0 0 0 0 0 0 0 0  = 0
RUS04903 0 0 0 0 0 0 0 0  = 0
RUS02203 0 0 0 0 0 0 0 0  = 0
RUS00810 0 0 0 0 0 0 0 0  = 0
RUS02202 0 0 0 0 0 0 0 0  = 0
RUS01010 0 0 0 0 0 0 0 0  = 0
RUS31402 0 0 0 0 0 0 0 0  = 0
RUS00816 1 -1 1 -1 1 -1 1 -1  = 4
RUS02201 0 0 0 0 0 0 0 0  = 0
RUS03305 0 0 0 0 0 0 0 0  = 0
RUS43225 0 0 0 0 0 0 0 0  = 0
RUSN1817 1 -1 1 -1 -1 1 1 -1  = 4
RUS43224 0 0 0 0 0 0 0 0  = 0
RUS01303 0 0 0 0 0 0 0 0  = 0
RUS03317 1 -1 -1 -1 -1 1 1 -1  = 3
RUS00111 0 0 0 0 0 0 0 0  = 0
RUSN1816 -1 -1 -1 -1 -1 1 1 -1  = 2
ZAP00056 0 0 0 0 0 0 0 0  = 0
ZAP00014 0 0 0 0 0 0 0 0  = 0
RUSN1814 0 0 0 0 0 0 0 0  = 0
RUSN1818 -1 -1 -1 -1 -1 1 -1 -1  = 1
ZAP00058 0 0 0 0 0 0 0 0  = 0
RUSN1808 1 -1 -1 -1 -1 1 -1 -1  = 2
RUS13102 0 0 0 0 0 0 0 0  = 0
RUSN1807 0 0 0 0 0 0 0 0  = 0
RUS00709 0 0 0 0 0 0 0 0  = 0
RUS60908 0 0 0 0 0 0 0 0  = 0
ZAP00051 0 0 0 0 0 0 0 0  = 0
RUS06709 1 1 -1 -1 1 1 -1 -1  = 4
RUS11501 0 0 0 0 0 0 0 0  = 0
RUS26905 1 -1 1 -1 -1 1 1 -1  = 4
RUS38205 0 0 0 0 0 0 0 0  = 0
RUS37009 0 0 0 0 0 0 0 0  = 0
RUS00105 0 0 0 0 0 0 0 0  = 0
RUS06710 1 1 -1 -1 -1 1 1 -1  = 4
RUS44004 0 0 0 0 0 0 0 0  = 0
RUS11509 1 1 1 1 1 1 1 0  = 7
RUS01801 0 0 0 0 0 0 0 0  = 0
RUS43913 0 0 0 0 0 0 0 0  = 0
RUS37015 0 0 0 0 0 0 0 0  = 0
RUS00717 0 0 0 0 0 0 0 0  = 0
RUS03401 0 0 0 0 0 0 0 0  = 0
RUS50205 0 0 0 0 0 0 0 0  = 0
RUS13112 0 0 0 0 0 0 0 0  = 0
RUS06708 0 0 0 0 0 0 0 0  = 0
RUS43207 0 0 0 0 0 0 0 0  = 0
RUS38002 0 0 0 0 0 0 0 0  = 0
RUS21506 1 1 1 1 -1 0 1 0  = 5
RUS52248 0 0 0 0 0 0 0 0  = 0
RUS03407 1 1 1 1 1 1 1 -1  = 7
ZAP00095 0 0 0 0 0 0 0 0  = 0
RUS02207 0 0 0 0 0 0 0 0  = 0
RUS61612 0 0 0 0 0 0 0 0  = 0
RUS31404 0 0 0 0 0 0 0 0  = 0
RUS71701 0 0 0 0 0 0 0 0  = 0
RUS52231 0 0 0 0 0 0 0 0  = 0
RUS43214 0 0 0 0 0 0 0 0  = 0
RUS01313 0 0 0 0 0 0 0 0  = 0
ZAP00029 1 -1 1 1 -1 1 -1 -1  = 4
RUS60906 0 0 0 0 0 0 0 0  = 0
RUS03406 1 1 1 -1 -1 0 -1 0  = 3
RUS03404 0 0 0 0 0 0 0 0  = 0
RUS30103 -1 1 -1 -1 -1 -1 1 0  = 2
RUS03403 0 0 0 0 0 0 0 0  = 0
ZAP00119 0 0 0 0 0 0 0 0  = 0
RUS57201 0 0 0 0 0 0 0 0  = 0
RUS03408 1 1 1 1 1 1 1 -1  = 7
RUS32902 0 0 0 0 0 0 0 0  = 0
RUS13105 0 0 0 0 0 0 0 0  = 0
RUS02209 0 0 0 0 0 0 0 0  = 0
RUS01022 0 0 0 0 0 0 0 0  = 0
RUS60902 0 0 0 0 0 0 0 0  = 0
RUS11507 1 1 1 1 1 1 1 0  = 7
RUS56502 0 0 0 0 0 0 0 0  = 0
RUSN1809 1 1 -1 1 -1 1 -1 -1  = 4
RUS32901 0 0 0 0 0 0 0 0  = 0
RUS11513 1 1 1 1 -1 1 1 -1  = 6
RUSGR135 0 0 0 0 0 0 0 0  = 0
RUS13120 -1 -1 1 -1 -1 1 -1 -1  = 2
RUS61608 0 0 0 0 0 0 0 0  = 0
RUS66316 1 -1 1 -1 -1 1 -1 -1  = 3
RUS38201 0 0 0 0 0 0 0 0  = 0
RUS06703 0 0 0 0 0 0 0 0  = 0
RUS31406 0 0 0 0 0 0 0 0  = 0
RUS13116 -1 -1 1 1 -1 -1 -1 -1  = 2
RUS01307 0 0 0 0 0 0 0 0  = 0
RUS62701 0 0 0 0 0 0 0 0  = 0
RUS65601 0 0 0 0 0 0 0 0  = 0
RUS03102 1 1 -1 1 1 1 1 -1  = 6
RUS31414 1 1 -1 1 -1 1 1 0  = 5
RUS65605 0 0 0 0 0 0 0 0  = 0
RUS11518 1 -1 1 1 1 1 1 -1  = 6
RUS50206 0 0 0 0 0 0 0 0  = 0
RUS00201 0 0 0 0 0 0 0 0  = 0
RUSN1812 1 -1 -1 -1 1 1 1 -1  = 4
RUS04914 1 1 1 1 1 1 1 0  = 7
RUS60911 1 -1 -1 -1 1 -1 -1 0  = 2
RUS31410 0 0 0 0 0 0 0 0  = 0
RUS00207 0 0 0 0 0 0 0 0  = 0
RUS00710 0 0 0 0 0 0 0 0  = 0
RUS52253 1 -1 1 -1 -1 1 -1 -1  = 3
RUSN1810 -1 -1 -1 -1 -1 -1 1 -1  = 1
RUS61605 0 0 0 0 0 0 0 0  = 0
RUS11504 0 0 0 0 0 0 0 0  = 0
RUS11508 1 -1 -1 1 -1 -1 1 0  = 3
RUS37026 1 -1 -1 -1 -1 1 1 -1  = 3
RUS61602 0 0 0 0 0 0 0 0  = 0
RUS61613 0 0 0 0 0 0 0 0  = 0
ZAP00104 0 0 0 0 0 0 0 0  = 0
RUS61611 1 1 -1 1 1 1 1 -1  = 6
RUS66329 -1 -1 1 -1 -1 -1 -1 -1  = 1
RUSN1819 0 0 0 0 0 0 0 0  = 0
RUS00803 0 0 0 0 0 0 0 0  = 0
RUS61614 0 0 0 0 0 0 0 0  = 0
RUSN1815 1 -1 1 1 1 1 -1 -1  = 5
RUS06702 0 0 0 0 0 0 0 0  = 0
RUS13103 0 0 0 0 0 0 0 0  = 0
RUS60901 0 0 0 0 0 0 0 0  = 0
RUSGR134 0 0 0 0 0 0 0 0  = 0
ZAP00023 0 0 0 0 0 0 0 0  = 0
RUS61610 -1 1 1 1 1 1 1 -1  = 6
RUS03313 1 0 1 1 1 1 1 0  = 6
RUS13121 1 1 1 1 -1 1 1 -1  = 6
RUS03405 0 0 0 0 0 0 0 0  = 0
RUS00729 1 1 1 1 1 1 1 0  = 7
RUS06707 0 0 0 0 0 0 0 0  = 0
RUS52230 0 0 0 0 0 0 0 0  = 0
RUS66310 0 0 0 0 0 0 0 0  = 0
RUS37023 1 1 1 1 1 1 1 -1  = 7
RUS38001 0 0 0 0 0 0 0 0  = 0
ZAP00063 0 0 0 0 0 0 0 0  = 0
RUS31407 0 0 0 0 0 0 0 0  = 0
RUS60909 1 -1 1 1 1 1 1 0  = 6
ZAP00060 0 0 0 0 0 0 0 0  = 0
RUS65612 1 -1 1 -1 1 1 1 -1  = 5
RUS00118 -1 -1 1 1 1 1 1 -1  = 5
RUS11503 0 0 0 0 0 0 0 0  = 0
RUS03402 0 0 0 0 0 0 0 0  = 0
RUS11517 1 1 1 1 1 1 1 -1  = 7
RUS00719 1 -1 1 1 1 1 1 0  = 6
RUS43236 0 0 0 0 0 0 0 0  = 0
RUS37017 1 1 1 1 1 -1 1 -1  = 6
RUS52250 1 -1 1 1 1 1 1 0  = 6
RUS43202 0 0 0 0 0 0 0 0  = 0
RUS04901 0 0 0 0 0 0 0 0  = 0
RUS01306 0 0 0 0 0 0 0 0  = 0
RUS37016 0 0 0 0 0 0 0 0  = 0
RUS37014 0 0 0 0 0 0 0 0  = 0
RUS44803 1 1 1 1 1 1 1 -1  = 7
ZAP00090 0 0 0 0 0 0 0 0  = 0
RUS13122 1 -1 1 -1 -1 1 1 -1  = 4
RUS60905 0 0 0 0 0 0 0 0  = 0
RUS06701 0 0 0 0 0 0 0 0  = 0
RUS31403 0 0 0 0 0 0 0 0  = 0
RUS11510 1 -1 1 -1 1 1 1 -1  = 5
RUS31405 0 0 0 0 0 0 0 0  = 0
RUS52208 0 0 0 0 0 0 0 0  = 0
RUS02001 0 0 0 0 0 0 0 0  = 0
RUS43205 0 0 0 0 0 0 0 0  = 0
RUS26902 0 0 0 0 0 0 0 0  = 0
RUS26901 0 0 0 0 0 0 0 0  = 0
RUS01315 0 0 0 0 0 0 0 0  = 0
RUS06711 0 0 0 0 0 0 0 0  = 0
RUSN1806 0 0 0 0 0 0 0 0  = 0
RUS43909 0 0 0 0 0 0 0 0  = 0
RUS11516 1 1 1 1 1 1 1 0  = 7
RUS52223 0 0 0 0 0 0 0 0  = 0
RUS06704 0 0 0 0 0 0 0 0  = 0
RUS43229 0 0 0 0 0 0 0 0  = 0
RUS31416 1 1 1 1 1 1 1 0  = 7
RUS11512 1 1 1 1 -1 1 1 -1  = 6
RUS00808 0 0 0 0 0 0 0 0  = 0
RUS38203 0 0 0 0 0 0 0 0  = 0
RUS00716 0 0 0 0 0 0 0 0  = 0
RUS00805 0 0 0 0 0 0 0 0  = 0
RUS60912 1 1 -1 1 1 1 1 0  = 6
RUS50204 0 0 0 0 0 0 0 0  = 0
RUS56512 0 0 0 0 0 0 0 0  = 0
RUS00814 -1 -1 -1 -1 -1 0 -1 -1  = 0
RUS37012 0 0 0 0 0 0 0 0  = 0
RUS31408 0 0 0 0 0 0 0 0  = 0
ZAP00076 0 0 0 0 0 0 0 0  = 0
RUS21505 1 1 -1 1 1 1 -1 -1  = 5
RUS31409 0 0 0 0 0 0 0 0  = 0
RUS26904 1 -1 -1 1 -1 1 1 -1  = 4
test 0 0 0 0 0 0 0 0  = 0
ZAP00112 0 0 0 0 0 0 0 0  = 0
RUS26906 1 -1 -1 1 -1 1 1 -1  = 4
RUS43222 0 0 0 0 0 0 0 0  = 0
RUS60904 0 0 0 0 0 0 0 0  = 0
ZAP00083 0 0 0 0 0 0 0 0  = 0
RUS11511 1 1 1 1 -1 1 1 0  = 6
RUS30101 0 0 0 0 0 0 0 0  = 0
ZAP00041 1 1 1 1 -1 0 1 0  = 5
RUS43204 0 0 0 0 0 0 0 0  = 0
RUS30102 -1 -1 1 1 -1 1 1 0  = 4
RUS04907 0 0 0 0 0 0 0 0  = 0
ZAP00101 0 0 0 0 0 0 0 0  = 0
RUS31412 1 -1 -1 -1 -1 1 -1 0  = 2
RUS37005 0 0 0 0 0 0 0 0  = 0
RUS11506 1 1 1 1 -1 1 1 0  = 6
RUS56510 0 0 0 0 0 0 0 0  = 0
RUS31411 1 -1 -1 1 -1 1 -1 0  = 3
RUS43232 0 0 0 0 0 0 0 0  = 0
ZAP00085 0 0 0 0 0 0 0 0  = 0
RUS43210 0 0 0 0 0 0 0 0  = 0
RUS61606 -1 1 1 1 1 1 1 -1  = 6
RUS01302 0 0 0 0 0 0 0 0  = 0
RUS13108 0 0 0 0 0 0 0 0  = 0
RUS31401 0 0 0 0 0 0 0 0  = 0
ZAP00122 0 0 0 0 0 0 0 0  = 0
RUS13113 0 0 0 0 0 0 0 0  = 0
RUS60903 0 0 0 0 0 0 0 0  = 0
RUS37006 0 0 0 0 0 0 0 0  = 0
RUS38202 0 0 0 0 0 0 0 0  = 0
RUS31418 0 0 0 0 0 0 0 0  = 0
RUS37018 1 -1 -1 1 -1 1 -1 -1  = 3
RUS13117 -1 1 -1 1 -1 1 -1 -1  = 3
RUS66309 0 0 0 0 0 0 0 0  = 0
ZAP00030 0 0 0 0 0 0 0 0  = 0
RUS00725 1 1 1 -1 1 1 -1 0  = 5
RUS31415 1 1 1 1 1 1 1 0  = 7
RUS37010 0 0 0 0 0 0 0 0  = 0
ZAP00045 0 0 0 0 0 0 0 0  = 0
RUS38204 0 0 0 0 0 0 0 0  = 0
RUS01301 0 0 0 0 0 0 0 0  = 0
RUS32501 1 1 1 1 1 1 1 -1  = 7
RUS43914 0 0 0 0 0 0 0 0  = 0
RUS56505 0 0 0 0 0 0 0 0  = 0
RUS03311 1 -1 -1 -1 -1 1 -1 -1  = 2
RUS38207 0 0 0 0 0 0 0 0  = 0
RUS31417 1 1 -1 1 -1 1 1 -1  = 5
RUS52207 0 0 0 0 0 0 0 0  = 0
RUS38208 -1 1 1 -1 -1 1 1 -1  = 4
RUS00817 1 -1 1 -1 -1 1 1 -1  = 4
RUS44801 0 0 0 0 0 0 0 0  = 0
RUS44802 0 0 0 0 0 0 0 0  = 0
RUS00115 -1 -1 1 1 -1 1 1 0  = 4
RUS37008 0 0 0 0 0 0 0 0  = 0
RUS61607 0 0 0 0 0 0 0 0  = 0
RUS44804 1 1 0 1 1 1 1 -1  = 6
RUSGR130 1 1 1 1 -1 1 1 0  = 6
RUSGR131 -1 1 1 1 -1 1 1 0  = 5
RUS00713 0 0 0 0 0 0 0 0  = 0
RUS37007 0 0 0 0 0 0 0 0  = 0
RUS56503 0 0 0 0 0 0 0 0  = 0
RUSN1801 0 0 0 0 0 0 0 0  = 0
RUS52227 0 0 0 0 0 0 0 0  = 0
RUSN1804 0 0 0 0 0 0 0 0  = 0
RUS43217 0 0 0 0 0 0 0 0  = 0
RUS62703 1 -1 1 1 -1 -1 1 0  = 4
RUSN1805 0 0 0 0 0 0 0 0  = 0
RUS52220 0 0 0 0 0 0 0 0  = 0
RUS43226 0 0 0 0 0 0 0 0  = 0
RUS52244 1 -1 1 -1 1 1 1 0  = 5
RUS04915 -1 1 1 1 -1 1 -1 0  = 4
RUS43227 0 0 0 0 0 0 0 0  = 0
RUS00109 0 0 0 0 0 0 0 0  = 0
RUSGR123 1 1 1 1 -1 1 1 0  = 6
RUS00702 0 0 0 0 0 0 0 0  = 0
RUS00813 -1 -1 -1 -1 -1 -1 1 -1  = 1
RUS11505 1 -1 -1 1 -1 1 1 -1  = 4
RUS43228 0 0 0 0 0 0 0 0  = 0
RUS01806 0 0 0 0 0 0 0 0  = 0
RUS43230 0 0 0 0 0 0 0 0  = 0
RUS66324 0 0 0 0 0 0 0 0  = 0
RUS03316 1 1 1 1 1 1 1 -1  = 7
RUS43234 0 0 0 0 0 0 0 0  = 0
RUS43235 0 0 0 0 0 0 0 0  = 0
ZAP00084 0 0 0 0 0 0 0 0  = 0
RUS00726 0 0 0 0 0 0 0 0  = 0
RUS52224 0 0 0 0 0 0 0 0  = 0
RUS02205 0 0 0 0 0 0 0 0  = 0
RUS43903 0 0 0 0 0 0 0 0  = 0
RUSGR126 1 1 1 1 -1 1 1 0  = 6
ZAP00034 1 1 1 1 1 1 1 -1  = 7
RUS43904 0 0 0 0 0 0 0 0  = 0
RUS01805 0 0 0 0 0 0 0 0  = 0
RUS13106 0 0 0 0 0 0 0 0  = 0
RUS43911 0 0 0 0 0 0 0 0  = 0
RUS43905 0 0 0 0 0 0 0 0  = 0
RUS04905 0 0 0 0 0 0 0 0  = 0
RUS43906 0 0 0 0 0 0 0 0  = 0
ZAP00105 0 0 0 0 0 0 0 0  = 0
RUS43907 0 0 0 0 0 0 0 0  = 0
ZAP00019 0 0 0 0 0 0 0 0  = 0
RUS43910 0 0 0 0 0 0 0 0  = 0
RUS65602 0 0 0 0 0 0 0 0  = 0
RUS17401 0 0 0 0 0 0 0 0  = 0
RUS11514 1 1 1 1 1 1 1 0  = 7
RUSGR113 0 0 0 0 0 0 0 0  = 0
RUS50201 0 0 0 0 0 0 0 0  = 0
RUS50203 0 0 0 0 0 0 0 0  = 0
RUS43912 0 0 0 0 0 0 0 0  = 0
RUS52201 0 0 0 0 0 0 0 0  = 0
RUS00106 -1 1 1 1 -1 -1 1 -1  = 4
RUS38209 -1 1 1 -1 -1 1 1 -1  = 4
RUS66325 -1 1 -1 -1 -1 1 -1 -1  = 2
RUS00107 0 0 0 0 0 0 0 0  = 0
RUS52202 0 0 0 0 0 0 0 0  = 0
RUS01007 0 0 0 0 0 0 0 0  = 0
RUS52204 0 0 0 0 0 0 0 0  = 0
ZAP00099 0 0 0 0 0 0 0 0  = 0
RUS52205 0 0 0 0 0 0 0 0  = 0
RUS00114 1 1 -1 -1 -1 1 -1 -1  = 3
RUS13109 0 0 0 0 0 0 0 0  = 0
RUS62702 0 0 0 0 0 0 0 0  = 0
RUS66326 1 1 -1 -1 -1 1 -1 -1  = 3
RUS52209 0 0 0 0 0 0 0 0  = 0
RUS52210 0 0 0 0 0 0 0 0  = 0
RUSN1813 0 0 0 0 0 0 0 0  = 0
RUS52212 0 0 0 0 0 0 0 0  = 0
RUS52234 0 0 0 0 0 0 0 0  = 0
RUS43213 0 0 0 0 0 0 0 0  = 0
RUS52216 0 0 0 0 0 0 0 0  = 0
RUS52221 0 0 0 0 0 0 0 0  = 0
RUS52222 0 0 0 0 0 0 0 0  = 0
RUS00815 -1 -1 -1 1 -1 1 -1 0  = 2
RUS52225 0 0 0 0 0 0 0 0  = 0
RUS00727 0 0 0 0 0 0 0 0  = 0
RUSN1803 0 0 0 0 0 0 0 0  = 0
RUS52226 0 0 0 0 0 0 0 0  = 0
ZAP00020 0 0 0 0 0 0 0 0  = 0
RUS52228 0 0 0 0 0 0 0 0  = 0
ZAP00120 0 0 0 0 0 0 0 0  = 0
RUS00806 0 0 0 0 0 0 0 0  = 0
RUS52229 0 0 0 0 0 0 0 0  = 0
RUS52236 0 0 0 0 0 0 0 0  = 0
RUS00113 0 0 1 1 -1 1 1 -1  = 4
ZAP00027 0 0 0 0 0 0 0 0  = 0
RUS52233 1 -1 -1 1 -1 -1 1 0  = 3
RUS00708 0 0 0 0 0 0 0 0  = 0
RUS52235 0 0 0 0 0 0 0 0  = 0
RUS65606 0 0 0 0 0 0 0 0  = 0
RUS52237 -1 -1 1 1 -1 1 -1 -1  = 3
RUS52238 -1 1 -1 -1 -1 -1 1 0  = 2
RUS52239 0 0 0 0 0 0 0 0  = 0
RUS01314 0 0 0 0 0 0 0 0  = 0
RUS52240 0 0 0 0 0 0 0 0  = 0
RUS01012 0 0 0 0 0 0 0 0  = 0
RUS61603 0 0 0 0 0 0 0 0  = 0
RUS52241 0 0 0 0 0 0 0 0  = 0
ZAP00048 -1 1 1 1 -1 1 1 0  = 5
RUS03301 0 0 0 0 0 0 0 0  = 0
RUS52242 0 0 0 0 0 0 0 0  = 0
RUS00711 0 0 0 0 0 0 0 0  = 0
RUS52245 0 0 0 0 0 0 0 0  = 0
RUS52246 1 -1 -1 -1 -1 -1 -1 0  = 1
RUS04910 1 1 -1 1 1 1 1 0  = 6
RUS52249 0 0 0 0 0 0 0 0  = 0
RUS43212 0 0 0 0 0 0 0 0  = 0
RUS52251 0 0 0 0 0 0 0 0  = 0
RUS00714 0 0 0 0 0 0 0 0  = 0
RUS26903 1 -1 1 -1 -1 1 1 -1  = 4
RUS52252 0 0 0 0 0 0 0 0  = 0
RUS01006 0 0 0 0 0 0 0 0  = 0
RUS52255 0 0 0 0 0 0 0 0  = 0
RUS56501 0 0 0 0 0 0 0 0  = 0
RUS66321 1 1 1 -1 -1 1 -1 -1  = 4
RUS56504 0 0 0 0 0 0 0 0  = 0
RUS52217 0 0 0 0 0 0 0 0  = 0
RUS56506 0 0 0 0 0 0 0 0  = 0
RUS66319 1 -1 -1 -1 -1 1 -1 -1  = 2
RUS21503 0 0 0 0 0 0 0 0  = 0
RUSGR125 1 1 1 1 -1 1 -1 0  = 5
RUS56507 0 0 0 0 0 0 0 0  = 0
RUS00206 0 0 0 0 0 0 0 0  = 0
RUS56508 0 0 0 0 0 0 0 0  = 0
RUS03103 1 1 -1 1 1 1 1 -1  = 6
RUS56509 0 0 0 0 0 0 0 0  = 0
RUS56511 0 0 0 0 0 0 0 0  = 0
RUSGR109 0 0 0 0 0 0 0 0  = 0
RUS62704 1 -1 1 1 -1 1 1 0  = 5
RUS11515 1 -1 1 1 1 1 1 -1  = 6
RUS65603 0 0 0 0 0 0 0 0  = 0
RUS65604 0 0 0 0 0 0 0 0  = 0
RUS65607 0 0 0 0 0 0 0 0  = 0
RUS66303 0 0 0 0 0 0 0 0  = 0
RUS52206 0 0 0 0 0 0 0 0  = 0
RUS65610 1 -1 1 -1 1 1 1 -1  = 5
RUS65613 1 -1 1 1 1 1 1 -1  = 6
RUSGR115 1 -1 1 1 -1 1 1 0  = 5
RUS43231 0 0 0 0 0 0 0 0  = 0
RUS66301 0 0 0 0 0 0 0 0  = 0
ZAP00055 0 0 0 0 0 0 0 0  = 0
RUS00804 0 0 0 0 0 0 0 0  = 0
RUS66302 0 0 0 0 0 0 0 0  = 0
ZAP00117 0 0 0 0 0 0 0 0  = 0
RUS66304 0 0 0 0 0 0 0 0  = 0
RUS66306 0 0 0 0 0 0 0 0  = 0
RUS66307 0 0 0 0 0 0 0 0  = 0
RUS66308 0 0 0 0 0 0 0 0  = 0
RUS52214 0 0 0 0 0 0 0 0  = 0
RUS66311 0 0 0 0 0 0 0 0  = 0
RUS66312 0 0 0 0 0 0 0 0  = 0
RUS52254 0 0 0 0 0 0 0 0  = 0
RUS65608 0 0 0 0 0 0 0 0  = 0
RUS66313 0 0 0 0 0 0 0 0  = 0
RUS01016 1 -1 -1 -1 -1 1 1 0  = 3
RUS66314 0 0 0 0 0 0 0 0  = 0
RUS66315 0 0 0 0 0 0 0 0  = 0
RUS66317 1 1 1 -1 -1 1 -1 -1  = 4
RUS66318 1 -1 -1 -1 -1 1 -1 -1  = 2
RUS43908 0 0 0 0 0 0 0 0  = 0
RUS66320 0 0 0 0 0 0 0 0  = 0
RUS66322 0 0 0 0 0 0 0 0  = 0
ZAP00078 0 0 0 0 0 0 0 0  = 0
RUS66323 -1 -1 -1 -1 -1 1 -1 -1  = 1
RUS66327 -1 -1 -1 -1 -1 -1 1 -1  = 1
RUS66328 0 0 0 0 0 0 0 0  = 0
RUS66330 1 -1 -1 -1 -1 1 -1 -1  = 2
RUS01004 0 0 0 0 0 0 0 0  = 0
RUS01011 0 0 0 0 0 0 0 0  = 0
RUS00701 0 0 0 0 0 0 0 0  = 0
ZAP00035 1 1 1 1 -1 1 1 -1  = 6
RUS00703 0 0 0 0 0 0 0 0  = 0
RUS04912 0 0 0 0 0 0 0 0  = 0
RUS00705 0 0 0 0 0 0 0 0  = 0
ZAP00049 1 -1 1 -1 -1 1 1 0  = 4
RUS00706 0 0 0 0 0 0 0 0  = 0
RUS00723 1 1 1 1 1 1 1 0  = 7
RUS00707 0 0 0 0 0 0 0 0  = 0
RUS00104 0 0 0 0 0 0 0 0  = 0
RUS00712 0 0 0 0 0 0 0 0  = 0
RUSGR107 0 0 0 0 0 0 0 0  = 0
RUS00715 0 0 0 0 0 0 0 0  = 0
RUS01019 1 1 1 1 -1 1 1 0  = 6
RUS00718 1 -1 -1 1 -1 1 -1 0  = 3
RUS13104 0 0 0 0 0 0 0 0  = 0
RUS52243 1 1 1 1 -1 1 1 0  = 6
RUS00720 -1 0 1 1 1 1 1 0  = 5
RUS04902 0 0 0 0 0 0 0 0  = 0
RUS01305 0 0 0 0 0 0 0 0  = 0
RUS00721 1 1 1 -1 1 1 1 0  = 6
RUS00724 0 0 0 0 0 0 0 0  = 0
RUS37001 0 0 0 0 0 0 0 0  = 0
RUS00728 1 1 1 1 1 1 1 0  = 7
RUS00730 1 1 1 1 1 1 1 0  = 7
ZAP00061 0 0 0 0 0 0 0 0  = 0
RUSGR124 -1 1 1 1 -1 1 1 0  = 5
RUS00731 1 1 1 1 1 1 1 0  = 7
RUS01001 0 0 0 0 0 0 0 0  = 0
RUS43902 0 0 0 0 0 0 0 0  = 0
RUS01002 0 0 0 0 0 0 0 0  = 0
ZAP00097 0 0 0 0 0 0 0 0  = 0
RUS01003 0 0 0 0 0 0 0 0  = 0
RUS66305 0 0 0 0 0 0 0 0  = 0
RUS01005 0 0 0 0 0 0 0 0  = 0
RUS01008 0 0 0 0 0 0 0 0  = 0
ZAP00093 0 0 0 0 0 0 0 0  = 0
RUS50202 0 0 0 0 0 0 0 0  = 0
RUS00704 0 0 0 0 0 0 0 0  = 0
RUS01009 0 0 0 0 0 0 0 0  = 0
RUS01013 1 -1 -1 -1 -1 -1 1 0  = 2
RUS52215 0 0 0 0 0 0 0 0  = 0
RUS01014 1 -1 1 1 -1 1 1 0  = 5
RUS01015 0 0 0 0 0 0 0 0  = 0
RUS11502 0 0 0 0 0 0 0 0  = 0
RUS04904 0 0 0 0 0 0 0 0  = 0
RUS01018 0 0 0 0 0 0 0 0  = 0
RUS01020 1 -1 1 1 -1 1 1 0  = 5
RUSGR128 0 0 0 0 0 0 0 0  = 0
RUS01021 0 0 0 0 0 0 0 0  = 0
RUSGR101 0 0 0 0 0 0 0 0  = 0
RUSGR119 0 1 1 1 1 1 1 0  = 6
RUS43216 0 0 0 0 0 0 0 0  = 0
RUSGR103 0 0 0 0 0 0 0 0  = 0
RUS60907 0 0 0 0 0 0 0 0  = 0
RUSGR104 0 0 0 0 0 0 0 0  = 0
RUS65611 0 0 0 0 0 0 0 0  = 0
RUSGR105 0 0 0 0 0 0 0 0  = 0
RUS52232 0 0 0 0 0 0 0 0  = 0
RUSGR106 0 0 0 0 0 0 0 0  = 0
RUS00204 0 0 0 0 0 0 0 0  = 0
RUS00801 0 0 0 0 0 0 0 0  = 0
RUS60913 -1 1 -1 1 1 1 1 0  = 5
RUSGR108 0 0 0 0 0 0 0 0  = 0
RUSGR110 0 0 0 0 0 0 0 0  = 0
RUS52218 0 0 0 0 0 0 0 0  = 0
RUS52203 0 0 0 0 0 0 0 0  = 0
RUSGR114 0 0 0 0 0 0 0 0  = 0
ZAP00077 0 0 0 0 0 0 0 0  = 0
RUSGR116 1 1 1 1 1 1 1 0  = 7
RUSGR118 1 -1 1 1 1 1 1 0  = 6
RUSGR102 0 0 0 0 0 0 0 0  = 0
RUSGR122 1 1 1 1 1 1 1 0  = 7
RUSGR127 0 0 0 0 0 0 0 0  = 0
RUS32502 1 1 1 1 1 1 1 -1  = 7
RUS28001 0 0 0 0 0 0 0 0  = 0
RUS00103 0 0 0 0 0 0 0 0  = 0
RUSGR129 1 -1 1 1 1 1 1 0  = 6
ZAP00124 0 0 0 0 0 0 0 0  = 0
RUSGR132 1 1 1 -1 1 1 1 0  = 6
RUSGR133 0 0 0 0 0 0 0 0  = 0
RUS43220 0 0 0 0 0 0 0 0  = 0
RUS00101 0 0 0 0 0 0 0 0  = 0
RUS00108 0 0 0 0 0 0 0 0  = 0
ZAP00092 0 0 0 0 0 0 0 0  = 0
RUS37013 0 0 0 0 0 0 0 0  = 0
RUS00110 0 0 0 0 0 0 0 0  = 0
RUS00112 0 0 0 1 -1 1 1 -1  = 3
RUS00117 1 1 -1 -1 -1 1 1 -1  = 4
RUS04906 0 0 0 0 0 0 0 0  = 0
RUS61601 0 0 0 0 0 0 0 0  = 0
RUS04909 1 1 1 1 1 1 1 0  = 7
ZAP00087 0 0 0 0 0 0 0 0  = 0
RUS43233 0 0 0 0 0 0 0 0  = 0
RUS04911 0 0 0 0 0 0 0 0  = 0
RUS04913 1 -1 1 1 1 1 1 0  = 6
RUS00809 0 0 0 0 0 0 0 0  = 0
RUS00812 1 -1 1 1 1 1 -1 -1  = 5
