Kor-lang-09 0 0 0 0 0 0 0 0 0 0  = 0
Kor-lang-05 -1 -1 -1 -1 -1 -1 -1 -1 -1 -1  = 0
Kor-lang-04 0 0 0 0 0 0 0 0 0 0  = 0
jap-lang-13 0 0 0 0 0 0 0 0 0 0  = 0
jap-lang-12 0 0 0 0 0 0 0 0 0 0  = 0
jap-lang-11 0 0 0 0 0 0 0 0 0 0  = 0
jap-lang-08 0 0 0 0 0 0 0 0 0 0  = 0
jap-lang-02 0 0 0 0 0 0 0 0 0 0  = 0
kor-epi-902 1 1 -1 1 1 1 1 -1 1 1  = 8
kor-dip-703 0 0 0 0 0 0 0 0 0 0  = 0
jap-lang-06 0 0 0 0 0 0 0 0 0 0  = 0
kor-dip-702 0 0 0 0 0 0 0 0 0 0  = 0
kor-ari-102 1 1 -1 1 1 1 1 -1 1 1  = 8
kor-639-001 0 0 0 0 0 0 0 0 0 0  = 0
kor-572-701 -1 1 -1 1 1 -1 -1 -1 1 -1  = 4
kor-567-001 0 0 0 0 0 0 0 0 0 0  = 0
kor-546-901 0 0 0 0 0 0 0 0 0 0  = 0
kor-ari-801 1 1 -1 1 1 1 1 -1 1 1  = 8
kor-337-101 0 0 0 0 0 0 0 0 0 0  = 0
jap-85-102 0 0 0 0 0 0 0 0 0 0  = 0
jap-83-740 0 0 0 0 0 0 0 0 0 0  = 0
jap-83-739 0 0 0 0 0 0 0 0 0 0  = 0
jap-lang-07 0 0 0 0 0 0 0 0 0 0  = 0
jap-83-738 0 0 0 0 0 0 0 0 0 0  = 0
jap-83-737 0 0 0 0 0 0 0 0 0 0  = 0
jap-83-836 0 0 0 0 0 0 0 0 0 0  = 0
jap-83-835 0 0 0 0 0 0 0 0 0 0  = 0
jap-83-833 0 0 0 0 0 0 0 0 0 0  = 0
jap-83-830 0 0 0 0 0 0 0 0 0 0  = 0
jap-83-829 0 0 0 0 0 0 0 0 0 0  = 0
jap-83-831 0 0 0 0 0 0 0 0 0 0  = 0
jap-83-827 0 0 0 0 0 0 0 0 0 0  = 0
Kor-lang-10 0 0 0 0 0 0 0 0 0 0  = 0
jap-83-826 0 0 0 0 0 0 0 0 0 0  = 0
jap-83-825 0 0 0 0 0 0 0 0 0 0  = 0
jap-583-714 0 0 0 0 0 0 0 0 0 0  = 0
jap-lang-10 0 0 0 0 0 0 0 0 0 0  = 0
jap-583-705 0 0 0 0 0 0 0 0 0 0  = 0
jap-478-101 0 0 0 0 0 0 0 0 0 0  = 0
jap-lang-04 0 0 0 0 0 0 0 0 0 0  = 0
jap-331-111 0 0 0 0 0 0 0 0 0 0  = 0
jap-583-808 0 0 0 0 0 0 0 0 0 0  = 0
Kor-lang-06 0 0 0 0 0 0 0 0 0 0  = 0
jap-lang-09 0 0 0 0 0 0 0 0 0 0  = 0
jap-583-704 0 0 0 0 0 0 0 0 0 0  = 0
jap-583-817 0 0 0 0 0 0 0 0 0 0  = 0
kor-pbmo-001 1 1 -1 -1 1 1 1 -1 1 1  = 7
jap-632-102 0 0 0 0 0 0 0 0 0 0  = 0
jap-583-003 0 0 0 0 0 0 0 0 0 0  = 0
jap-583-002 0 0 0 0 0 0 0 0 0 0  = 0
jap-583-801 0 0 0 0 0 0 0 0 0 0  = 0
jap-583-016 0 0 0 0 0 0 0 0 0 0  = 0
jap-lang-05 0 0 0 0 0 0 0 0 0 0  = 0
jap-583-807 0 0 0 0 0 0 0 0 0 0  = 0
jap-83-909 0 0 0 0 0 0 0 0 0 0  = 0
jap-143-705 0 0 0 0 0 0 0 0 0 0  = 0
jap-249-101 0 0 0 0 0 0 0 0 0 0  = 0
jap-85-841 0 0 0 0 0 0 0 0 0 0  = 0
jap-83-108 0 0 0 0 0 0 0 0 0 0  = 0
jap-83-821 0 0 0 0 0 0 0 0 0 0  = 0
jap-583-710 0 0 0 0 0 0 0 0 0 0  = 0
jap-83-828 0 0 0 0 0 0 0 0 0 0  = 0
jap-583-018 0 0 0 0 0 0 0 0 0 0  = 0
jap-83-918 0 0 0 0 0 0 0 0 0 0  = 0
jap-143-801 0 0 0 0 0 0 0 0 0 0  = 0
Kor-lang-07 0 0 0 0 0 0 0 0 0 0  = 0
jap-583-713 0 0 0 0 0 0 0 0 0 0  = 0
jap-83-104 0 0 0 0 0 0 0 0 0 0  = 0
jap-583-812 0 0 0 0 0 0 0 0 0 0  = 0
jap-lang-03 0 0 0 0 0 0 0 0 0 0  = 0
kor-dip-705 0 0 0 0 0 0 0 0 0 0  = 0
jap-47-701 0 0 0 0 0 0 0 0 0 0  = 0
jap-83-911 0 0 0 0 0 0 0 0 0 0  = 0
jap-583-806 0 0 0 0 0 0 0 0 0 0  = 0
test 0 0 0 0 0 0 0 0 0 0  = 0
jap-lang-01 0 0 0 0 0 0 0 0 0 0  = 0
kor-epi-901 1 1 -1 1 1 -1 -1 -1 1 1  = 6
jap-83-107 0 0 0 0 0 0 0 0 0 0  = 0
jap-583-709 0 0 0 0 0 0 0 0 0 0  = 0
jap-83-106 0 0 0 0 0 0 0 0 0 0  = 0
jap-83-834 0 0 0 0 0 0 0 0 0 0  = 0
jap-83-914 0 0 0 0 0 0 0 0 0 0  = 0
jap-583-715 0 0 0 0 0 0 0 0 0 0  = 0
kor-dip-704 0 0 0 0 0 0 0 0 0 0  = 0
jap-12-101 0 0 0 0 0 0 0 0 0 0  = 0
jap-143-704 0 0 0 0 0 0 0 0 0 0  = 0
jap-350-801 0 0 0 0 0 0 0 0 0 0  = 0
jap-371-101 0 0 0 0 0 0 0 0 0 0  = 0
jap-83-111 0 0 0 0 0 0 0 0 0 0  = 0
jap-632-101 0 0 0 0 0 0 0 0 0 0  = 0
jap-83-105 0 0 0 0 0 0 0 0 0 0  = 0
jap-83-916 0 0 0 0 0 0 0 0 0 0  = 0
jap-583-811 0 0 0 0 0 0 0 0 0 0  = 0
jap-83-824 0 0 0 0 0 0 0 0 0 0  = 0
jap-83-112 0 0 0 0 0 0 0 0 0 0  = 0
jap-83-820 0 0 0 0 0 0 0 0 0 0  = 0
jap-83-113 0 0 0 0 0 0 0 0 0 0  = 0
jap-lang-14 0 0 0 0 0 0 0 0 0 0  = 0
jap-83-910 0 0 0 0 0 0 0 0 0 0  = 0
jap-143-702 0 0 0 0 0 0 0 0 0 0  = 0
jap-632-003 0 0 0 0 0 0 0 0 0 0  = 0
jap-83-912 0 0 0 0 0 0 0 0 0 0  = 0
kor-dip-701 0 0 0 0 0 0 0 0 0 0  = 0
jap-83-913 0 0 0 0 0 0 0 0 0 0  = 0
jap-83-919 0 0 0 0 0 0 0 0 0 0  = 0
Kor-lang-08 0 0 0 0 0 0 0 0 0 0  = 0
jap-126-501 0 0 0 0 0 0 0 0 0 0  = 0
jap-83-915 0 0 0 0 0 0 0 0 0 0  = 0
jap-83-917 0 0 0 0 0 0 0 0 0 0  = 0
jap-83-832 0 0 0 0 0 0 0 0 0 0  = 0
jap-83-822 0 0 0 0 0 0 0 0 0 0  = 0
jap-143-703 0 0 0 0 0 0 0 0 0 0  = 0
jap-83-823 0 0 0 0 0 0 0 0 0 0  = 0
