submitor ; 9;1;1;1;15;4;1;10;-1;-1;9;9;5;12;;=;75
YA78-002 ;  ; ; ; ; ; ; ; ; ; ; ; ; ; ;;=;0
YA78-003 ;  ; ; ; ; ; ; ; ; ; ; ; ; ; ;;=;0
YA78-006 ;  ; ; ; ; ; ; ; ; ; ; ; ; ; ;;=;0
YA78-008 ;  ; ; ; ; ; ; ; ; ; ; ; ; ; ;;=;0
YA78-016 ;  ; ; ; ; ; ; ; ; ; ; ; ; ; ;;=;0
YA78-019 ;  ; ; ; ; ; ; ; ; ; ; ; ; ; ;;=;0
YA78-022 ;  ; ; ; ; ; ; ; ; ; ; ; ; ; ;;=;0
YA78-026 ;  ; ; ; ; ; ; ; ; ; ; ; ; ; ;;=;0
YA78-013 ; 9;-1;-1;1;11;2;1;8;-1;3;5;7;5;9;;=;58
YA78-012 ; 9;1;-1;1;9;2;1;10;-1;3;5;6;3;9;;=;57
YA78-001 ; 9; ;-1;1;2;1; ;8;-1;3;1;2;1;4;;=;30
YA78-007 ; 9;1;-1;1;2; ; ;8;-1;1;2;1;5;4;;=;32
YA78-024 ; 5;1;-1;-1;-1;-1;-1;2;-1;-1;-1;1;5;-1;;=;5
YA78-023 ; 5;1;-1;-1;8; ;1;4; ;1; ;1;3; ;;=;22
YA78-017 ; 3;1;-1;1;13;-1;-1;4;-1;3;3;6;5;5;;=;40
YA78-015 ; 5;1;-1;1;6;2;1;3;-1;1; ;1;3; ;;=;22
YA78-020 ; 5;1;-1;1;4;2;1;1;-1;-1;3;5;5; ;;=;25
YA78-009 ; 9;1;1;1;7;-1;-1;7;-1;-1;4;6;5;12;;=;49
YA78-010 ; 9;1;-1;1;15;2;1;10;-1;-1;1; ; ; ;;=;37
YA78-005 ; 9;1;1;1;12;4;1;10;-1;3;5;5;5;12;;=;68
YA78-004 ; 9;1;1;1;10;2;1;-1;-1;1;2;3;2;10;;=;41
YA78-028 ;  ; ; ; ; ; ; ; ; ; ; ; ; ; ;;=;0
YA78-029 ;  ; ; ; ; ; ; ; ; ; ; ; ; ; ;;=;0
YA78-030 ;  ; ; ; ; ; ; ; ; ; ; ; ; ; ;;=;0
YA78-031 ;  ; ; ; ; ; ; ; ; ; ; ; ; ; ;;=;0
YA78-032 ;  ; ; ; ; ; ; ; ; ; ; ; ; ; ;;=;0
YA78-033 ;  ; ; ; ; ; ; ; ; ; ; ; ; ; ;;=;0
YA78-034 ;  ; ; ; ; ; ; ; ; ; ; ; ; ; ;;=;0
YA78-035 ;  ; ; ; ; ; ; ; ; ; ; ; ; ; ;;=;0
YA78-036 ;  ; ; ; ; ; ; ; ; ; ; ; ; ; ;;=;0
YA78-037 ;  ; ; ; ; ; ; ; ; ; ; ; ; ; ;;=;0
YA78-038 ; 9;1;1;1;13;4;1;9;-1;-1;9;9;5;12;;=;72
YA78-039 ;  ; ; ; ; ; ; ; ; ; ; ; ; ; ;;=;0
YA78-040 ;  ; ; ; ; ; ; ; ; ; ; ; ; ; ;;=;0
YA78-041 ;  ; ; ; ; ; ; ; ; ; ; ; ; ; ;;=;0
YA78-042 ;  ; ; ; ; ; ; ; ; ; ; ; ; ; ;;=;0
YA78-043 ;  ; ; ; ; ; ; ; ; ; ; ; ; ; ;;=;0
YA78-044 ;  ; ; ; ; ; ; ; ; ; ; ; ; ; ;;=;0
YA78-045 ;  ; ; ; ; ; ; ; ; ; ; ; ; ; ;;=;0
YA78-046 ;  ; ; ; ; ; ; ; ; ; ; ; ; ; ;;=;0
YA78-047 ;  ; ; ; ; ; ; ; ; ; ; ; ; ; ;;=;0
YA78-048 ;  ; ; ; ; ; ; ; ; ; ; ; ; ; ;;=;0
YA78-049 ;  ; ; ; ; ; ; ; ; ; ; ; ; ; ;;=;0
YA78-050 ;  ; ; ; ; ; ; ; ; ; ; ; ; ; ;;=;0
YA78-051 ;  ; ; ; ; ; ; ; ; ; ; ; ; ; ;;=;0
YA78-052 ;  ; ; ; ; ; ; ; ; ; ; ; ; ; ;;=;0
YA78-053 ;  ; ; ; ; ; ; ; ; ; ; ; ; ; ;;=;0
YA78-054 ;  ; ; ; ; ; ; ; ; ; ; ; ; ; ;;=;0
YA78-055 ;  ; ; ; ; ; ; ; ; ; ; ; ; ; ;;=;0
YA78-056 ;  ; ; ; ; ; ; ; ; ; ; ; ; ; ;;=;0
YA78-057 ;  ; ; ; ; ; ; ; ; ; ; ; ; ; ;;=;0
YA78-058 ;  ; ; ; ; ; ; ; ; ; ; ; ; ; ;;=;0
YA78-059 ;  ; ; ; ; ; ; ; ; ; ; ; ; ; ;;=;0
YA78-060 ;  ; ; ; ; ; ; ; ; ; ; ; ; ; ;;=;0
YA78-061 ;  ; ; ; ; ; ; ; ; ; ; ; ; ; ;;=;0
YA78-062 ;  ; ; ; ; ; ; ; ; ; ; ; ; ; ;;=;0
YA78-063 ;  ; ; ; ; ; ; ; ; ; ; ; ; ; ;;=;0
YA78-064 ;  ; ; ; ; ; ; ; ; ; ; ; ; ; ;;=;0
YA78-065 ;  ; ; ; ; ; ; ; ; ; ; ; ; ; ;;=;0
YA911-002 ;  ; ; ; ; ; ; ; ; ; ; ; ; ; ;;=;0
YA911-004 ;  ; ; ; ; ; ; ; ; ; ; ; ; ; ;;=;0
YA911-005 ;  ; ; ; ; ; ; ; ; ; ; ; ; ; ;;=;0
YA911-006 ;  ; ; ; ; ; ; ; ; ; ; ; ; ; ;;=;0
YA911-007 ;  ; ; ; ; ; ; ; ; ; ; ; ; ; ;;=;0
YA911-012 ;  ; ; ; ; ; ; ; ; ; ; ; ; ; ;;=;0
YA911-013 ;  ; ; ; ; ; ; ; ; ; ; ; ; ; ;;=;0
YA911-024 ;  ; ; ; ; ; ; ; ; ; ; ; ; ; ;;=;0
YA911-028 ;  ; ; ; ; ; ; ; ; ; ; ; ; ; ;;=;0
YA911-029 ;  ; ; ; ; ; ; ; ; ; ; ; ; ; ;;=;0
YA911-030 ;  ; ; ; ; ; ; ; ; ; ; ; ; ; ;;=;0
YA911-031 ;  ; ; ; ; ; ; ; ; ; ; ; ; ; ;;=;0
YA911-033 ;  ; ; ; ; ; ; ; ; ; ; ; ; ; ;;=;0
YA911-035 ;  ; ; ; ; ; ; ; ; ; ; ; ; ; ;;=;0
YA911-042 ;  ; ; ; ; ; ; ; ; ; ; ; ; ; ;;=;0
YA911-043 ;  ; ; ; ; ; ; ; ; ; ; ; ; ; ;;=;0
YA911-044 ;  ; ; ; ; ; ; ; ; ; ; ; ; ; ;;=;0
YA911-045 ;  ; ; ; ; ; ; ; ; ; ; ; ; ; ;;=;0
YA911-046 ;  ; ; ; ; ; ; ; ; ; ; ; ; ; ;;=;0
YA911-048 ;  ; ; ; ; ; ; ; ; ; ; ; ; ; ;;=;0
YA911-022 ; 9;1;-1;1;15;2;1;10;-1;3;2;9;5;10;;=;66
YA911-021 ; 9;1;-1;1;1;3;1;3;-1;3;-1;9;5;11;;=;44
YA911-014 ; 8;-1;-1;1;5;4;1;7;-1;1;4;5;5;10;;=;48
YA911-011 ; 9;1;-1;1;4;2;-1;10;-1;1;2;3;3;9;;=;42
YA911-009 ; 9;1;-1;1;9;4;1;10;-1;3;1;5;5;10;;=;57
YA911-017 ; 9;-1;1;1;5;-1;1;-1;-1;1;2;1;5;9;;=;31
YA911-016 ; 9;1;-1;1;10;2;1;8;-1;3;4;7;3;12;;=;59
YA911-010 ; 9;-1;-1;1;6;2;-1;10;-1;1;2;9;3;12;;=;51
YA911-008 ; 8;1;1;1;15;2;-1;5;-1;-1;-1;9;3;6;;=;47
YA911-018 ; 9;1;-1;1;12;2;1;8;-1;-1;1;7;5;8;;=;52
YA911-015 ; 9;1;1;1;12;2;1;10;-1;3;6;9;5;12;;=;71
YA911-026 ; 7;-1;-1;1;10;2;-1;5;-1;3;-1;5;2;8;;=;38
YA911-027 ; 9;-1;-1;-1;8;-1;1;2;-1;3;3;3;3;11;;=;38
YA911-003 ; 9;1;1;1;15;2;1;10;-1;-1;9;9;5;12;;=;73
YA78-027 ; 6;1;-1;-1;4;-1;-1;3;-1;-1;1;-1;5;2;;=;15
YA911-038 ; 9;1;-1;1;15;2;1;10;1;3;7;9;5;12;;=;75
YA911-034 ; 7;1;-1;1;-1;2;1;2;-1;1;2;1;3;3;;=;21
YA911-039 ; 6;1;-1;1;1;2;1;3;-1;1;2;1;3;1;;=;21
YA911-032 ; 7;-1;-1;1;7;2;1;7;-1;3;1;9;5;9;;=;49
YA911-041 ; 7;-1;-1;1;14;1;1;10;-1;3; ;2;5;-1;;=;40
YA911-047 ; 9;-1;1;1;15;1;1;10;-1;3;7;7; ;12;;=;65
YA911-040 ; 7;-1;-1;1;13;-1;1;10;-1;3; ;9;5; ;;=;45
YA911-037 ; 9;-1;-1;1;10;1;-1;8;-1;3; ; ; ; ;;=;28
YA911-049 ;  ; ; ; ; ; ; ; ; ; ; ; ; ; ;;=;0
YA911-050 ;  ; ; ; ; ; ; ; ; ; ; ; ; ; ;;=;0
YA911-051 ;  ; ; ; ; ; ; ; ; ; ; ; ; ; ;;=;0
YA911-052 ;  ; ; ; ; ; ; ; ; ; ; ; ; ; ;;=;0
YA911-053 ;  ; ; ; ; ; ; ; ; ; ; ; ; ; ;;=;0
YA911-054 ;  ; ; ; ; ; ; ; ; ; ; ; ; ; ;;=;0
YA911-055 ;  ; ; ; ; ; ; ; ; ; ; ; ; ; ;;=;0
YA911-056 ;  ; ; ; ; ; ; ; ; ; ; ; ; ; ;;=;0
YA911-057 ;  ; ; ; ; ; ; ; ; ; ; ; ; ; ;;=;0
YA911-058 ;  ; ; ; ; ; ; ; ; ; ; ; ; ; ;;=;0
YA911-059 ;  ; ; ; ; ; ; ; ; ; ; ; ; ; ;;=;0
YA911-060 ;  ; ; ; ; ; ; ; ; ; ; ; ; ; ;;=;0
YA911-061 ;  ; ; ; ; ; ; ; ; ; ; ; ; ; ;;=;0
YA911-062 ;  ; ; ; ; ; ; ; ; ; ; ; ; ; ;;=;0
YA911-063 ;  ; ; ; ; ; ; ; ; ; ; ; ; ; ;;=;0
YA911-064 ;  ; ; ; ; ; ; ; ; ; ; ; ; ; ;;=;0
YA911-065 ;  ; ; ; ; ; ; ; ; ; ; ; ; ; ;;=;0
YA911-023 ; 9;1;-1;1; ;2;1;10; ;3; ;9;5;1;;=;41
YA78-014 ; 5;-1;1;1; ;2;1;-1; ;3;-1;3;2;1;;=;16
YA911-020 ; 9;1;-1;1;2;1;1;10;-1;3;2;9;5;8;;=;50
YA78-011 ; 9;1;-1;-1;7;2;-1;1;-1;3;5;3;2;12;;=;41
YA911-019 ; 9;1;-1;1;11;2;1;-1;-1;3; ;7;5;8;;=;45
YA911-025 ; 5;-1;-1;-1;3;1;-1;3;-1;1;-1;3;3;9;;=;22
YA911-036 ; 9;1;-1;1;8;2;1;6;-1;3; ;2;3; ;;=;34
YA78-021 ; 5;1;-1;-1;8;2;1;3;-1;-1;1;3;5;1;;=;26
YA78-018 ; 3;1;-1;1;13;-1;-1;4;-1;3;3;6;5;5;;=;40
YA911-001 ; 9;1;1;1;15;2;1;10;1; ;9;9;5;10;;=;74
YA78-025 ; 9; ;-1; ;13; ;1;7; ;3; ; ;3; ;;=;35
