ZAP00126 0 0 0 0 0 0 0 0  = 0
ZAP00125 0 0 0 0 0 0 0 0  = 0
ZAP00123 0 0 0 0 0 0 0 0  = 0
ZAP00121 0 0 0 0 0 0 0 0  = 0
ZAP00118 0 0 0 0 0 0 0 0  = 0
ZAP00116 0 0 0 0 0 0 0 0  = 0
ZAP00115 0 0 0 0 0 0 0 0  = 0
ZAP00114 0 0 0 0 0 0 0 0  = 0
ZAP00113 0 0 0 0 0 0 0 0  = 0
ZAP00111 0 0 0 0 0 0 0 0  = 0
ZAP00109 0 0 0 0 0 0 0 0  = 0
ZAP00108 0 0 0 0 0 0 0 0  = 0
ZAP00107 0 0 0 0 0 0 0 0  = 0
ZAP00103 0 0 0 0 0 0 0 0  = 0
ZAP00098 0 0 0 0 0 0 0 0  = 0
ZAP00096 0 0 0 0 0 0 0 0  = 0
ZAP00091 0 0 0 0 0 0 0 0  = 0
ZAP00089 0 0 0 0 0 0 0 0  = 0
ZAP00086 0 0 0 0 0 0 0 0  = 0
ZAP00081 0 0 0 0 0 0 0 0  = 0
ZAP00080 0 0 0 0 0 0 0 0  = 0
ZAP00075 0 0 0 0 0 0 0 0  = 0
ZAP00073 0 0 0 0 0 0 0 0  = 0
ZAP00071 0 0 0 0 0 0 0 0  = 0
ZAP00070 0 0 0 0 0 0 0 0  = 0
ZAP00069 0 0 0 0 0 0 0 0  = 0
ZAP00068 0 0 0 0 0 0 0 0  = 0
ZAP00067 0 0 0 0 0 0 0 0  = 0
ZAP00064 0 0 0 0 0 0 0 0  = 0
ZAP00062 0 0 0 0 0 0 0 0  = 0
ZAP00059 0 0 0 0 0 0 0 0  = 0
ZAP00057 0 0 0 0 0 0 0 0  = 0
ZAP00054 0 0 0 0 0 0 0 0  = 0
ZAP00053 0 0 0 0 0 0 0 0  = 0
ZAP00052 0 0 0 0 0 0 0 0  = 0
ZAP00050 0 0 0 0 0 0 0 0  = 0
ZAP00047 1 -1 1 1 1 -1 1 0  = 5
ZAP00046 1 1 1 1 1 1 1 0  = 7
ZAP00044 0 0 0 0 0 0 0 0  = 0
ZAP00042 -1 1 1 1 1 1 0 0  = 5
ZAP00040 0 0 0 0 0 0 0 0  = 0
ZAP00039 0 0 0 0 0 0 0 0  = 0
ZAP00110 0 0 0 0 0 0 0 0  = 0
ZAP00038 0 0 0 0 0 0 0 0  = 0
ZAP00037 0 0 0 0 0 0 0 0  = 0
ZAP00036 0 0 0 0 0 0 0 0  = 0
ZAP00033 0 0 0 0 0 0 0 0  = 0
ZAP00032 -1 1 1 1 1 1 1 0  = 6
ZAP00031 0 0 0 0 0 0 0 0  = 0
ZAP00028 0 0 0 0 0 0 0 0  = 0
ZAP00026 -1 1 1 -1 1 -1 -1 -1  = 3
ZAP00079 0 0 0 0 0 0 0 0  = 0
ZAP00025 -1 -1 -1 -1 -1 -1 -1 -1  = 0
ZAP00024 1 1 1 1 1 -1 -1 -1  = 5
ZAP00022 -1 1 1 -1 1 -1 1 -1  = 4
ZAP00021 1 -1 -1 1 1 -1 1 -1  = 4
ZAP00018 1 1 1 1 -1 -1 0 -1  = 4
ZAP00102 0 0 0 0 0 0 0 0  = 0
ZAP00017 0 0 0 0 0 0 0 0  = 0
ZAP00013 1 1 1 1 1 1 1 -1  = 7
ZAP00011 0 0 0 0 0 0 0 0  = 0
ZAP00088 0 0 0 0 0 0 0 0  = 0
ZAP00010 0 0 0 0 0 0 0 0  = 0
ZAP00008 1 1 -1 1 1 1 1 0  = 6
ZAP00007 1 1 1 1 -1 -1 1 0  = 5
ZAP00006 0 0 0 0 0 0 0 0  = 0
ZAP00074 0 0 0 0 0 0 0 0  = 0
ZAP00005 0 0 0 0 0 0 0 0  = 0
ZAP00094 0 0 0 0 0 0 0 0  = 0
ZAP00004 0 0 0 0 0 0 0 0  = 0
ZAP00003 0 0 0 0 0 0 0 0  = 0
ZAP00002 -1 -1 1 -1 1 1 -1 -1  = 3
ZAP00001 1 1 -1 1 1 1 -1 -1  = 5
RUS63203 0 0 0 0 0 0 0 0  = 0
RUS63202 0 0 0 0 0 0 0 0  = 0
RUS63201 0 0 0 0 0 0 0 0  = 0
RUS57001 0 0 0 0 0 0 0 0  = 0
RUS44003 0 0 0 0 0 0 0 0  = 0
RUS44002 0 0 0 0 0 0 0 0  = 0
RUS44001 0 0 0 0 0 0 0 0  = 0
ZAP00009 1 1 1 1 -1 1 1 0  = 6
RUS03329 0 0 0 0 0 0 0 0  = 0
ZAP00072 0 0 0 0 0 0 0 0  = 0
RUS03328 0 0 0 0 0 0 0 0  = 0
RUS03327 0 0 0 0 0 0 0 0  = 0
RUS03326 0 0 0 0 0 0 0 0  = 0
RUS03325 0 0 0 0 0 0 0 0  = 0
RUS03324 0 0 0 0 0 0 0 0  = 0
RUS03322 0 0 0 0 0 0 0 0  = 0
RUS03321 0 0 0 0 0 0 0 0  = 0
RUS03320 0 0 0 0 0 0 0 0  = 0
RUS03319 0 0 0 0 0 0 0 0  = 0
RUS03318 0 0 0 0 0 0 0 0  = 0
RUS03315 0 0 0 0 0 0 0 0  = 0
RUS03314 0 0 0 0 0 0 0 0  = 0
RUS03312 0 0 0 0 0 0 0 0  = 0
RUS03310 1 -1 -1 -1 1 1 -1 -1  = 3
RUS03309 -1 1 1 -1 -1 1 1 0  = 4
RUS03308 1 1 1 1 -1 -1 1 -1  = 5
RUS03307 -1 1 -1 -1 1 -1 -1 -1  = 2
RUS03306 -1 -1 1 -1 1 -1 -1 -1  = 2
RUS03304 -1 1 -1 1 1 -1 1 -1  = 4
RUS03303 -1 1 1 1 1 0 1 -1  = 5
RUS03302 -1 -1 1 1 1 1 1 -1  = 5
RUS00210 0 0 0 0 0 0 0 0  = 0
RUS00209 0 0 0 0 0 0 0 0  = 0
RUS00208 0 0 0 0 0 0 0 0  = 0
RUS00205 0 0 0 0 0 0 0 0  = 0
lol 0 0 0 0 0 0 0 0  = 0
RUS00203 0 0 0 0 0 0 0 0  = 0
RUS00202 0 0 0 0 0 0 0 0  = 0
RUS43219 0 0 0 0 0 0 0 0  = 0
RUS43215 0 0 0 0 0 0 0 0  = 0
RUS21502 0 0 0 0 0 0 0 0  = 0
RUS65609 0 0 0 0 0 0 0 0  = 0
RUS43211 0 0 0 0 0 0 0 0  = 0
RUS01316 0 0 0 0 0 0 0 0  = 0
RUS06705 -1 1 1 1 1 1 -1 -1  = 5
RUS31901 -1 1 -1 1 -1 -1 -1 -1  = 2
RUS43209 0 0 0 0 0 0 0 0  = 0
RUS00722 0 0 0 0 0 0 0 0  = 0
ZAP00016 1 1 1 -1 1 1 1 -1  = 6
RUS43208 0 0 0 0 0 0 0 0  = 0
RUS52213 0 0 0 0 0 0 0 0  = 0
RUS43203 0 0 0 0 0 0 0 0  = 0
RUS43901 1 1 1 1 1 1 -1 -1  = 6
RUS37025 0 0 0 0 0 0 0 0  = 0
RUS37024 0 0 0 0 0 0 0 0  = 0
RUS43201 0 0 0 0 0 0 0 0  = 0
RUS37022 0 0 0 0 0 0 0 0  = 0
RUS00802 -1 1 1 1 1 1 1 -1  = 6
ZAP00065 0 0 0 0 0 0 0 0  = 0
RUS03323 0 0 0 0 0 0 0 0  = 0
RUS37021 0 0 0 0 0 0 0 0  = 0
RUS37020 0 0 0 0 0 0 0 0  = 0
ZAP00043 1 1 1 1 1 1 0 0  = 6
RUS47801 0 0 0 0 0 0 0 0  = 0
RUS37019 0 0 0 0 0 0 0 0  = 0
RUS37004 -1 1 1 -1 1 1 -1 -1  = 4
RUS37003 0 0 0 0 0 0 0 0  = 0
RUS52219 -1 1 -1 1 -1 1 -1 -1  = 3
RUS37002 -1 -1 -1 1 1 1 1 -1  = 4
RUS52247 0 0 0 0 0 0 0 0  = 0
RUS01017 0 0 0 0 0 0 0 0  = 0
RUS43221 0 0 0 0 0 0 0 0  = 0
RUS43206 0 0 0 0 0 0 0 0  = 0
RUS60914 0 0 0 0 0 0 0 0  = 0
RUS37011 0 0 0 0 0 0 0 0  = 0
RUS01804 0 0 0 0 0 0 0 0  = 0
RUS00811 0 0 0 0 0 0 0 0  = 0
RUS01802 0 0 0 0 0 0 0 0  = 0
RUS31413 0 0 0 0 0 0 0 0  = 0
RUS13123 0 0 0 0 0 0 0 0  = 0
RUSN1802 1 -1 1 -1 -1 -1 -1 -1  = 2
RUS13115 0 0 0 0 0 0 0 0  = 0
RUSN1811 0 0 0 0 0 0 0 0  = 0
RUSGR111 1 1 -1 -1 1 1 -1 0  = 4
RUS13111 -1 1 1 1 1 -1 -1 -1  = 4
RUS04908 1 1 -1 1 1 -1 1 0  = 5
RUS13110 -1 1 1 1 -1 -1 1 0  = 4
RUS13107 0 0 0 0 0 0 0 0  = 0
RUS01323 0 0 0 0 0 0 0 0  = 0
RUS21501 1 -1 1 1 -1 -1 1 -1  = 4
ZAP00106 0 0 0 0 0 0 0 0  = 0
RUS03330 0 0 0 0 0 0 0 0  = 0
RUS00116 0 0 0 0 0 0 0 0  = 0
RUS13118 0 0 0 0 0 0 0 0  = 0
RUS38206 1 1 -1 -1 1 -1 -1 -1  = 3
RUS01322 0 0 0 0 0 0 0 0  = 0
RUS01321 0 0 0 0 0 0 0 0  = 0
ZAP00066 0 0 0 0 0 0 0 0  = 0
RUS13101 -1 -1 -1 1 -1 1 -1 -1  = 2
RUS01320 0 0 0 0 0 0 0 0  = 0
RUS03101 1 1 1 1 1 1 1 -1  = 7
RUSGR120 0 0 0 0 0 0 0 0  = 0
RUS01319 0 0 0 0 0 0 0 0  = 0
ZAP00015 0 0 0 0 0 0 0 0  = 0
RUS01318 1 1 1 1 1 1 -1 0  = 6
RUS61604 -1 1 1 1 1 1 1 -1  = 6
RUS43223 0 0 0 0 0 0 0 0  = 0
RUS52211 0 0 0 0 0 0 0 0  = 0
RUSGR117 0 0 0 0 0 0 0 0  = 0
RUS43218 0 0 0 0 0 0 0 0  = 0
RUS13119 0 0 0 0 0 0 0 0  = 0
RUS01317 0 0 0 0 0 0 0 0  = 0
RUS60910 0 0 0 0 0 0 0 0  = 0
RUS13114 -1 -1 -1 -1 1 1 1 -1  = 3
RUS61609 0 0 0 0 0 0 0 0  = 0
RUS27701 0 0 0 0 0 0 0 0  = 0
RUS01312 1 1 1 -1 -1 1 -1 0  = 4
RUSGR121 0 0 0 0 0 0 0 0  = 0
RUS01803 0 0 0 0 0 0 0 0  = 0
RUS01311 1 1 -1 1 -1 -1 1 0  = 4
ZAP00012 1 1 1 1 1 1 1 -1  = 7
RUS21504 1 1 -1 1 1 -1 1 -1  = 5
RUSGR112 0 0 0 0 0 0 0 0  = 0
RUS00807 1 1 1 1 1 1 1 -1  = 7
ZAP00082 0 0 0 0 0 0 0 0  = 0
RUS01310 1 1 1 -1 1 1 1 0  = 6
RUS06706 -1 1 1 -1 1 -1 -1 -1  = 3
RUS01309 0 0 0 0 0 0 0 0  = 0
RUS01308 -1 1 1 1 1 -1 1 0  = 5
ZAP00100 0 0 0 0 0 0 0 0  = 0
RUS01304 1 -1 1 1 -1 -1 1 0  = 4
RUS00102 -1 1 -1 1 -1 1 -1 -1  = 3
RUS03104 0 0 0 0 0 0 0 0  = 0
RUS50207 0 0 0 0 0 0 0 0  = 0
RUS69001 0 0 0 0 0 0 0 0  = 0
RUS02208 0 0 0 0 0 0 0 0  = 0
RUS02206 0 0 0 0 0 0 0 0  = 0
RUS02204 0 0 0 0 0 0 0 0  = 0
RUS04903 -1 1 1 -1 1 1 1 0  = 5
RUS02203 0 0 0 0 0 0 0 0  = 0
RUS00810 0 0 0 0 0 0 0 0  = 0
RUS02202 0 0 0 0 0 0 0 0  = 0
RUS01010 1 -1 1 -1 -1 -1 -1 0  = 2
RUS31402 -1 -1 1 1 -1 1 -1 0  = 3
RUS00816 0 0 0 0 0 0 0 0  = 0
RUS02201 0 0 0 0 0 0 0 0  = 0
RUS03305 -1 1 1 -1 1 -1 1 -1  = 4
RUS43225 0 0 0 0 0 0 0 0  = 0
RUSN1817 0 0 0 0 0 0 0 0  = 0
RUS43224 0 0 0 0 0 0 0 0  = 0
RUS01303 0 0 0 0 0 0 0 0  = 0
RUS03317 0 0 0 0 0 0 0 0  = 0
RUS00111 -1 1 1 1 -1 -1 1 -1  = 4
RUSN1816 0 0 0 0 0 0 0 0  = 0
ZAP00056 0 0 0 0 0 0 0 0  = 0
ZAP00014 0 0 0 0 0 0 0 0  = 0
RUSN1814 0 0 0 0 0 0 0 0  = 0
RUSN1818 0 0 0 0 0 0 0 0  = 0
ZAP00058 0 0 0 0 0 0 0 0  = 0
RUSN1808 0 0 0 0 0 0 0 0  = 0
RUS13102 1 -1 -1 -1 1 -1 -1 -1  = 2
RUSN1807 -1 -1 1 -1 -1 -1 1 -1  = 2
RUS00709 -1 -1 -1 -1 1 -1 -1 0  = 1
RUS60908 1 1 -1 1 1 -1 1 0  = 5
ZAP00051 0 0 0 0 0 0 0 0  = 0
RUS06709 0 0 0 0 0 0 0 0  = 0
RUS11501 0 0 0 0 0 0 0 0  = 0
RUS26905 0 0 0 0 0 0 0 0  = 0
RUS38205 1 -1 1 -1 1 -1 -1 -1  = 3
RUS37009 -1 1 1 1 1 -1 -1 -1  = 4
RUS00105 -1 1 -1 -1 1 1 1 -1  = 4
RUS06710 0 0 0 0 0 0 0 0  = 0
RUS44004 0 0 0 0 0 0 0 0  = 0
RUS11509 0 0 0 0 0 0 0 0  = 0
RUS01801 0 0 0 0 0 0 0 0  = 0
RUS43913 0 0 0 0 0 0 0 0  = 0
RUS37015 -1 1 -1 -1 1 1 -1 -1  = 3
RUS00717 0 0 0 0 0 0 0 0  = 0
RUS03401 0 0 0 0 0 0 0 0  = 0
RUS50205 0 0 0 0 0 0 0 0  = 0
RUS13112 0 0 0 0 0 0 0 0  = 0
RUS06708 0 0 0 0 0 0 0 0  = 0
RUS43207 0 0 0 0 0 0 0 0  = 0
RUS38002 1 1 -1 1 1 1 -1 -1  = 5
RUS21506 0 0 0 0 0 0 0 0  = 0
RUS52248 0 0 0 0 0 0 0 0  = 0
RUS03407 0 0 0 0 0 0 0 0  = 0
ZAP00095 0 0 0 0 0 0 0 0  = 0
RUS02207 0 0 0 0 0 0 0 0  = 0
RUS61612 0 0 0 0 0 0 0 0  = 0
RUS31404 -1 1 -1 1 1 -1 1 0  = 4
RUS71701 0 0 0 0 0 0 0 0  = 0
RUS52231 0 0 0 0 0 0 0 0  = 0
RUS43214 0 0 0 0 0 0 0 0  = 0
RUS01313 0 0 0 0 0 0 0 0  = 0
ZAP00029 0 0 0 0 0 0 0 0  = 0
RUS60906 -1 1 -1 1 1 -1 1 0  = 4
RUS03406 0 0 0 0 0 0 0 0  = 0
RUS03404 -1 1 1 -1 1 -1 -1 -1  = 3
RUS30103 0 0 0 0 0 0 0 0  = 0
RUS03403 1 1 1 1 1 -1 -1 -1  = 5
ZAP00119 0 0 0 0 0 0 0 0  = 0
RUS57201 0 0 0 0 0 0 0 0  = 0
RUS03408 0 0 0 0 0 0 0 0  = 0
RUS32902 0 0 0 0 0 0 0 0  = 0
RUS13105 -1 -1 -1 -1 -1 -1 -1 -1  = 0
RUS02209 0 0 0 0 0 0 0 0  = 0
RUS01022 0 0 0 0 0 0 0 0  = 0
RUS60902 -1 1 1 1 1 1 1 -1  = 6
RUS11507 0 0 0 0 0 0 0 0  = 0
RUS56502 0 0 0 0 0 0 0 0  = 0
RUSN1809 0 0 0 0 0 0 0 0  = 0
RUS32901 0 0 0 0 0 0 0 0  = 0
RUS11513 0 0 0 0 0 0 0 0  = 0
RUSGR135 0 0 0 0 0 0 0 0  = 0
RUS13120 0 0 0 0 0 0 0 0  = 0
RUS61608 0 0 0 0 0 0 0 0  = 0
RUS66316 0 0 0 0 0 0 0 0  = 0
RUS38201 -1 1 -1 1 1 -1 -1 -1  = 3
RUS06703 0 0 0 0 0 0 0 0  = 0
RUS31406 1 1 1 1 -1 1 -1 0  = 5
RUS13116 0 0 0 0 0 0 0 0  = 0
RUS01307 1 1 1 1 -1 -1 1 0  = 5
RUS62701 0 0 0 0 0 0 0 0  = 0
RUS65601 1 1 1 1 1 1 1 -1  = 7
RUS03102 0 0 0 0 0 0 0 0  = 0
RUS31414 0 0 0 0 0 0 0 0  = 0
RUS65605 -1 1 1 1 1 1 1 -1  = 6
RUS11518 0 0 0 0 0 0 0 0  = 0
RUS50206 0 0 0 0 0 0 0 0  = 0
RUS00201 0 0 0 0 0 0 0 0  = 0
RUSN1812 0 0 0 0 0 0 0 0  = 0
RUS04914 0 0 0 0 0 0 0 0  = 0
RUS60911 0 0 0 0 0 0 0 0  = 0
RUS31410 -1 1 -1 -1 -1 -1 1 0  = 2
RUS00207 0 0 0 0 0 0 0 0  = 0
RUS00710 0 0 0 0 0 0 0 0  = 0
RUS52253 0 0 0 0 0 0 0 0  = 0
RUSN1810 0 0 0 0 0 0 0 0  = 0
RUS61605 -1 1 1 -1 -1 1 0 -1  = 3
RUS11504 -1 1 1 1 1 1 1 0  = 6
RUS11508 0 0 0 0 0 0 0 0  = 0
RUS37026 0 0 0 0 0 0 0 0  = 0
RUS61602 1 1 -1 1 -1 1 -1 -1  = 4
RUS61613 0 0 0 0 0 0 0 0  = 0
ZAP00104 0 0 0 0 0 0 0 0  = 0
RUS61611 0 0 0 0 0 0 0 0  = 0
RUS66329 0 0 0 0 0 0 0 0  = 0
RUSN1819 0 0 0 0 0 0 0 0  = 0
RUS00803 0 0 0 0 0 0 0 0  = 0
RUS61614 0 0 0 0 0 0 0 0  = 0
RUSN1815 0 0 0 0 0 0 0 0  = 0
RUS06702 1 1 1 1 -1 1 -1 -1  = 5
RUS13103 -1 1 1 1 1 1 -1 -1  = 5
RUS60901 1 -1 1 1 1 -1 1 0  = 5
RUSGR134 0 0 0 0 0 0 0 0  = 0
ZAP00023 1 1 1 1 1 -1 -1 -1  = 5
RUS61610 0 0 0 0 0 0 0 0  = 0
RUS03313 0 0 0 0 0 0 0 0  = 0
RUS13121 0 0 0 0 0 0 0 0  = 0
RUS03405 1 1 1 1 1 1 -1 -1  = 6
RUS00729 0 0 0 0 0 0 0 0  = 0
RUS06707 0 0 0 0 0 0 0 0  = 0
RUS52230 -1 1 1 1 1 1 1 0  = 6
RUS66310 -1 1 1 -1 -1 -1 1 -1  = 3
RUS37023 0 0 0 0 0 0 0 0  = 0
RUS38001 1 1 -1 1 1 1 1 -1  = 6
ZAP00063 0 0 0 0 0 0 0 0  = 0
RUS31407 1 1 1 1 1 1 1 0  = 7
RUS60909 0 0 0 0 0 0 0 0  = 0
ZAP00060 0 0 0 0 0 0 0 0  = 0
RUS65612 0 0 0 0 0 0 0 0  = 0
RUS00118 0 0 0 0 0 0 0 0  = 0
RUS11503 -1 1 1 1 1 1 -1 -1  = 5
RUS03402 -1 1 1 1 1 1 -1 -1  = 5
RUS11517 0 0 0 0 0 0 0 0  = 0
RUS00719 0 0 0 0 0 0 0 0  = 0
RUS43236 0 0 0 0 0 0 0 0  = 0
RUS37017 0 0 0 0 0 0 0 0  = 0
RUS52250 0 0 0 0 0 0 0 0  = 0
RUS43202 0 0 0 0 0 0 0 0  = 0
RUS04901 1 1 1 1 1 1 1 0  = 7
RUS01306 0 0 0 0 0 0 0 0  = 0
RUS37016 1 1 1 -1 -1 -1 1 -1  = 4
RUS37014 1 1 1 1 1 1 1 -1  = 7
RUS44803 0 0 0 0 0 0 0 0  = 0
ZAP00090 0 0 0 0 0 0 0 0  = 0
RUS13122 0 0 0 0 0 0 0 0  = 0
RUS60905 -1 1 -1 1 -1 -1 -1 0  = 2
RUS06701 -1 1 1 1 -1 1 -1 -1  = 4
RUS31403 0 0 0 0 0 0 0 0  = 0
RUS11510 0 0 0 0 0 0 0 0  = 0
RUS31405 -1 -1 1 1 -1 1 -1 0  = 3
RUS52208 0 0 0 0 0 0 0 0  = 0
RUS02001 0 0 0 0 0 0 0 0  = 0
RUS43205 0 0 0 0 0 0 0 0  = 0
RUS26902 -1 1 1 -1 1 -1 -1 -1  = 3
RUS26901 -1 1 1 1 1 1 1 -1  = 6
RUS01315 1 1 1 1 1 1 1 0  = 7
RUS06711 0 0 0 0 0 0 0 0  = 0
RUSN1806 -1 1 -1 1 1 -1 1 -1  = 4
RUS43909 0 0 0 0 0 0 0 0  = 0
RUS11516 0 0 0 0 0 0 0 0  = 0
RUS52223 -1 1 1 -1 1 -1 1 0  = 4
RUS06704 -1 -1 1 1 -1 -1 1 -1  = 3
RUS43229 0 0 0 0 0 0 0 0  = 0
RUS31416 0 0 0 0 0 0 0 0  = 0
RUS11512 0 0 0 0 0 0 0 0  = 0
RUS00808 -1 0 -1 -1 -1 0 -1 -1  = 0
RUS38203 1 -1 -1 -1 1 -1 -1 -1  = 2
RUS00716 0 0 0 0 0 0 0 0  = 0
RUS00805 -1 1 -1 -1 -1 -1 1 -1  = 2
RUS60912 0 0 0 0 0 0 0 0  = 0
RUS50204 0 0 0 0 0 0 0 0  = 0
RUS56512 0 0 0 0 0 0 0 0  = 0
RUS00814 0 0 0 0 0 0 0 0  = 0
RUS37012 0 0 0 0 0 0 0 0  = 0
RUS31408 -1 -1 -1 1 1 -1 1 0  = 3
ZAP00076 0 0 0 0 0 0 0 0  = 0
RUS21505 0 0 0 0 0 0 0 0  = 0
RUS31409 -1 1 1 -1 -1 1 1 0  = 4
RUS26904 0 0 0 0 0 0 0 0  = 0
test 0 0 0 0 0 0 0 0  = 0
ZAP00112 0 0 0 0 0 0 0 0  = 0
RUS26906 0 0 0 0 0 0 0 0  = 0
RUS43222 0 0 0 0 0 0 0 0  = 0
RUS60904 -1 1 1 1 1 1 1 0  = 6
ZAP00083 0 0 0 0 0 0 0 0  = 0
RUS11511 0 0 0 0 0 0 0 0  = 0
RUS30101 -1 1 1 -1 1 1 1 0  = 5
ZAP00041 0 0 0 0 0 0 0 0  = 0
RUS43204 0 0 0 0 0 0 0 0  = 0
RUS30102 0 0 0 0 0 0 0 0  = 0
RUS04907 1 1 1 1 1 1 1 0  = 7
ZAP00101 0 0 0 0 0 0 0 0  = 0
RUS31412 0 0 0 0 0 0 0 0  = 0
RUS37005 1 1 0 1 -1 -1 1 -1  = 4
RUS11506 0 0 0 0 0 0 0 0  = 0
RUS56510 0 0 0 0 0 0 0 0  = 0
RUS31411 0 0 0 0 0 0 0 0  = 0
RUS43232 0 0 0 0 0 0 0 0  = 0
ZAP00085 0 0 0 0 0 0 0 0  = 0
RUS43210 0 0 0 0 0 0 0 0  = 0
RUS61606 0 0 0 0 0 0 0 0  = 0
RUS01302 -1 1 1 1 -1 1 1 0  = 5
RUS13108 -1 1 -1 1 1 -1 1 -1  = 4
RUS31401 0 0 0 0 0 0 0 0  = 0
ZAP00122 0 0 0 0 0 0 0 0  = 0
RUS13113 -1 1 -1 1 1 1 1 -1  = 5
RUS60903 1 1 1 -1 1 1 1 0  = 6
RUS37006 -1 1 -1 1 1 -1 1 -1  = 4
RUS38202 -1 1 -1 1 -1 -1 -1 -1  = 2
RUS31418 0 0 0 0 0 0 0 0  = 0
RUS37018 0 0 0 0 0 0 0 0  = 0
RUS13117 0 0 0 0 0 0 0 0  = 0
RUS66309 1 1 -1 1 1 1 1 -1  = 6
ZAP00030 0 0 0 0 0 0 0 0  = 0
RUS00725 0 0 0 0 0 0 0 0  = 0
RUS31415 0 0 0 0 0 0 0 0  = 0
RUS37010 -1 1 1 -1 -1 -1 -1 -1  = 2
ZAP00045 1 1 1 -1 1 -1 1 0  = 5
RUS38204 -1 1 1 1 -1 1 -1 0  = 4
RUS01301 1 1 1 1 1 -1 1 0  = 6
RUS32501 0 0 0 0 0 0 0 0  = 0
RUS43914 0 0 0 0 0 0 0 0  = 0
RUS56505 0 0 0 0 0 0 0 0  = 0
RUS03311 0 0 0 0 0 0 0 0  = 0
RUS38207 1 1 1 -1 1 -1 -1 -1  = 4
RUS31417 0 0 0 0 0 0 0 0  = 0
RUS52207 0 0 0 0 0 0 0 0  = 0
RUS38208 0 0 0 0 0 0 0 0  = 0
RUS00817 0 0 0 0 0 0 0 0  = 0
RUS44801 0 0 0 0 0 0 0 0  = 0
RUS44802 1 1 1 1 -1 1 1 -1  = 6
RUS00115 0 0 0 0 0 0 0 0  = 0
RUS37008 -1 -1 1 1 1 1 1 -1  = 5
RUS61607 0 0 0 0 0 0 0 0  = 0
RUS44804 0 0 0 0 0 0 0 0  = 0
RUSGR130 0 0 0 0 0 0 0 0  = 0
RUSGR131 0 0 0 0 0 0 0 0  = 0
RUS00713 -1 1 1 1 1 1 1 0  = 6
RUS37007 0 0 0 0 0 0 0 -1  = 0
RUS56503 0 0 0 0 0 0 0 0  = 0
RUSN1801 0 0 0 0 0 0 0 0  = 0
RUS52227 -1 1 -1 1 1 1 1 0  = 5
RUSN1804 -1 -1 -1 1 -1 -1 -1 -1  = 1
RUS43217 0 0 0 0 0 0 0 0  = 0
RUS62703 0 0 0 0 0 0 0 0  = 0
RUSN1805 -1 1 1 -1 -1 1 -1 -1  = 3
RUS52220 0 0 0 0 0 0 0 0  = 0
RUS43226 0 0 0 0 0 0 0 0  = 0
RUS52244 0 0 0 0 0 0 0 0  = 0
RUS04915 0 0 0 0 0 0 0 0  = 0
RUS43227 0 0 0 0 0 0 0 0  = 0
RUS00109 -1 1 1 1 -1 -1 1 -1  = 4
RUSGR123 0 0 0 0 0 0 0 0  = 0
RUS00702 -1 1 1 -1 1 0 0 0  = 3
RUS00813 0 0 0 0 0 0 0 0  = 0
RUS11505 0 0 0 0 0 0 0 0  = 0
RUS43228 0 0 0 0 0 0 0 0  = 0
RUS01806 0 0 0 0 0 0 0 0  = 0
RUS43230 0 0 0 0 0 0 0 0  = 0
RUS66324 0 0 0 0 0 0 0 0  = 0
RUS03316 0 0 0 0 0 0 0 0  = 0
RUS43234 0 0 0 0 0 0 0 0  = 0
RUS43235 0 0 0 0 0 0 0 0  = 0
ZAP00084 0 0 0 0 0 0 0 0  = 0
RUS00726 0 0 0 0 0 0 0 0  = 0
RUS52224 0 0 0 0 0 0 0 0  = 0
RUS02205 0 0 0 0 0 0 0 0  = 0
RUS43903 0 0 0 0 0 0 0 0  = 0
RUSGR126 0 0 0 0 0 0 0 0  = 0
ZAP00034 0 0 0 0 0 0 0 0  = 0
RUS43904 0 0 0 0 0 0 0 0  = 0
RUS01805 0 0 0 0 0 0 0 0  = 0
RUS13106 1 -1 1 -1 -1 -1 -1 0  = 2
RUS43911 0 0 0 0 0 0 0 0  = 0
RUS43905 1 -1 1 -1 1 1 1 -1  = 5
RUS04905 -1 1 1 1 1 1 1 0  = 6
RUS43906 1 1 1 1 1 1 -1 -1  = 6
ZAP00105 0 0 0 0 0 0 0 0  = 0
RUS43907 1 -1 1 -1 1 1 -1 -1  = 4
ZAP00019 1 -1 -1 1 1 -1 1 0  = 4
RUS43910 0 0 0 0 0 0 0 0  = 0
RUS65602 1 1 -1 1 1 1 1 -1  = 6
RUS17401 -1 -1 -1 1 -1 -1 -1 -1  = 1
RUS11514 0 0 0 0 0 0 0 0  = 0
RUSGR113 1 1 1 1 1 1 1 0  = 7
RUS50201 0 0 0 0 0 0 0 0  = 0
RUS50203 0 0 0 0 0 0 0 0  = 0
RUS43912 0 0 0 0 0 0 0 0  = 0
RUS52201 0 0 0 0 0 0 0 0  = 0
RUS00106 0 0 0 0 0 0 0 0  = 0
RUS38209 0 0 0 0 0 0 0 0  = 0
RUS66325 0 0 0 0 0 0 0 0  = 0
RUS00107 -1 1 -1 1 -1 1 -1 -1  = 3
RUS52202 1 1 1 1 -1 -1 1 0  = 5
RUS01007 1 -1 -1 -1 -1 1 -1 0  = 2
RUS52204 0 0 0 0 0 0 0 0  = 0
ZAP00099 0 0 0 0 0 0 0 0  = 0
RUS52205 0 0 0 0 0 0 0 0  = 0
RUS00114 0 0 0 0 0 0 0 0  = 0
RUS13109 1 1 -1 1 1 -1 -1 -1  = 4
RUS62702 -1 -1 1 -1 1 -1 -1 0  = 2
RUS66326 0 0 0 0 0 0 0 0  = 0
RUS52209 0 0 0 0 0 0 0 0  = 0
RUS52210 0 0 0 0 0 0 0 0  = 0
RUSN1813 0 0 0 0 0 0 0 0  = 0
RUS52212 0 0 0 0 0 0 0 0  = 0
RUS52234 0 0 0 0 0 0 0 0  = 0
RUS43213 0 0 0 0 0 0 0 0  = 0
RUS52216 1 0 -1 -1 -1 0 -1 0  = 1
RUS52221 -1 1 -1 1 -1 -1 -1 0  = 2
RUS52222 0 0 0 0 0 0 0 0  = 0
RUS00815 0 0 0 0 0 0 0 0  = 0
RUS52225 0 0 0 0 0 0 0 0  = 0
RUS00727 0 0 0 0 0 0 0 0  = 0
RUSN1803 1 1 -1 1 -1 1 1 -1  = 5
RUS52226 0 0 0 0 0 0 0 0  = 0
ZAP00020 -1 -1 -1 -1 1 1 1 -1  = 3
RUS52228 1 -1 -1 1 1 -1 1 0  = 4
ZAP00120 0 0 0 0 0 0 0 0  = 0
RUS00806 -1 1 -1 1 1 -1 1 -1  = 4
RUS52229 1 1 1 -1 -1 1 1 0  = 5
RUS52236 0 0 0 0 0 0 0 0  = 0
RUS00113 0 0 0 0 0 0 0 0  = 0
ZAP00027 1 -1 1 -1 1 1 -1 -1  = 4
RUS52233 0 0 0 0 0 0 0 0  = 0
RUS00708 0 0 0 0 0 0 0 0  = 0
RUS52235 0 0 0 0 0 0 0 0  = 0
RUS65606 -1 1 1 1 1 1 1 -1  = 6
RUS52237 0 0 0 0 0 0 0 0  = 0
RUS52238 0 0 0 0 0 0 0 0  = 0
RUS52239 0 0 0 0 0 0 0 0  = 0
RUS01314 0 0 0 0 0 0 0 0  = 0
RUS52240 0 0 0 0 0 0 0 0  = 0
RUS01012 -1 -1 1 1 -1 -1 -1 -1  = 2
RUS61603 1 1 1 1 1 1 1 -1  = 7
RUS52241 0 0 0 0 0 0 0 0  = 0
ZAP00048 0 0 0 0 0 0 0 0  = 0
RUS03301 -1 1 0 0 0 0 1 -1  = 2
RUS52242 0 0 0 0 0 0 0 0  = 0
RUS00711 0 0 0 0 0 0 0 0  = 0
RUS52245 0 0 0 0 0 0 0 0  = 0
RUS52246 0 0 0 0 0 0 0 0  = 0
RUS04910 0 0 0 0 0 0 0 0  = 0
RUS52249 0 0 0 0 0 0 0 0  = 0
RUS43212 0 0 0 0 0 0 0 0  = 0
RUS52251 0 0 0 0 0 0 0 0  = 0
RUS00714 -1 1 1 1 1 1 1 0  = 6
RUS26903 0 0 0 0 0 0 0 0  = 0
RUS52252 0 0 0 0 0 0 0 0  = 0
RUS01006 0 0 0 0 0 0 0 0  = 0
RUS52255 -1 1 -1 -1 1 -1 1 0  = 3
RUS56501 0 0 0 0 0 0 0 0  = 0
RUS66321 0 0 0 0 0 0 0 0  = 0
RUS56504 0 0 0 0 0 0 0 0  = 0
RUS52217 0 0 0 0 0 0 0 0  = 0
RUS56506 0 0 0 0 0 0 0 0  = 0
RUS66319 0 0 0 0 0 0 0 0  = 0
RUS21503 -1 1 -1 1 1 1 1 -1  = 5
RUSGR125 0 0 0 0 0 0 0 0  = 0
RUS56507 0 0 0 0 0 0 0 0  = 0
RUS00206 0 0 0 0 0 0 0 0  = 0
RUS56508 0 0 0 0 0 0 0 0  = 0
RUS03103 0 0 0 0 0 0 0 0  = 0
RUS56509 0 0 0 0 0 0 0 0  = 0
RUS56511 0 0 0 0 0 0 0 0  = 0
RUSGR109 1 1 1 1 1 1 1 -1  = 7
RUS62704 0 0 0 0 0 0 0 0  = 0
RUS11515 0 0 0 0 0 0 0 0  = 0
RUS65603 -1 1 1 1 1 1 -1 -1  = 5
RUS65604 1 1 -1 -1 -1 1 1 -1  = 4
RUS65607 -1 1 1 1 1 1 1 -1  = 6
RUS66303 -1 -1 1 1 1 -1 1 -1  = 4
RUS52206 0 0 0 0 0 0 0 0  = 0
RUS65610 0 0 0 0 0 0 0 0  = 0
RUS65613 0 0 0 0 0 0 0 0  = 0
RUSGR115 0 0 0 0 0 0 0 0  = 0
RUS43231 0 0 0 0 0 0 0 0  = 0
RUS66301 -1 1 1 1 1 -1 1 -1  = 5
ZAP00055 0 0 0 0 0 0 0 0  = 0
RUS00804 -1 1 1 1 -1 1 1 -1  = 5
RUS66302 1 1 -1 1 1 -1 1 -1  = 5
ZAP00117 0 0 0 0 0 0 0 0  = 0
RUS66304 1 1 1 -1 -1 -1 -1 -1  = 3
RUS66306 -1 1 1 1 1 -1 -1 -1  = 4
RUS66307 1 1 1 -1 1 -1 1 -1  = 5
RUS66308 -1 -1 1 -1 1 1 1 -1  = 4
RUS52214 0 0 0 0 0 0 0 0  = 0
RUS66311 1 1 1 -1 1 -1 1 -1  = 5
RUS66312 0 0 0 0 0 0 0 0  = 0
RUS52254 0 0 0 0 0 0 0 0  = 0
RUS65608 0 0 0 0 0 0 0 0  = 0
RUS66313 1 1 1 1 1 -1 1 -1  = 6
RUS01016 0 0 0 0 0 0 0 0  = 0
RUS66314 1 1 1 1 1 1 1 -1  = 7
RUS66315 0 0 0 0 0 0 0 0  = 0
RUS66317 0 0 0 0 0 0 0 0  = 0
RUS66318 0 0 0 0 0 0 0 0  = 0
RUS43908 1 1 1 1 -1 -1 -1 -1  = 4
RUS66320 0 0 0 0 0 0 0 0  = 0
RUS66322 0 0 0 0 0 0 0 0  = 0
ZAP00078 0 0 0 0 0 0 0 0  = 0
RUS66323 0 0 0 0 0 0 0 0  = 0
RUS66327 0 0 0 0 0 0 0 0  = 0
RUS66328 0 0 0 0 0 0 0 0  = 0
RUS66330 0 0 0 0 0 0 0 0  = 0
RUS01004 1 1 1 1 1 -1 1 0  = 6
RUS01011 -1 1 -1 1 1 -1 1 0  = 4
RUS00701 1 1 1 -1 -1 -1 -1 0  = 3
ZAP00035 0 0 0 0 0 0 0 0  = 0
RUS00703 0 0 0 0 0 0 0 0  = 0
RUS04912 0 0 0 0 0 0 0 0  = 0
RUS00705 0 0 0 0 0 0 0 0  = 0
ZAP00049 0 0 0 0 0 0 0 0  = 0
RUS00706 0 0 0 0 0 0 0 0  = 0
RUS00723 0 0 0 0 0 0 0 0  = 0
RUS00707 0 0 0 0 0 0 0 0  = 0
RUS00104 -1 -1 -1 -1 -1 1 1 -1  = 2
RUS00712 0 0 0 0 0 0 0 0  = 0
RUSGR107 1 1 1 1 1 1 1 0  = 7
RUS00715 1 1 -1 1 1 1 -1 0  = 5
RUS01019 0 0 0 0 0 0 0 0  = 0
RUS00718 0 0 0 0 0 0 0 0  = 0
RUS13104 -1 -1 -1 1 -1 -1 1 -1  = 2
RUS52243 0 0 0 0 0 0 0 0  = 0
RUS00720 0 0 0 0 0 0 0 0  = 0
RUS04902 -1 1 1 -1 1 -1 1 0  = 4
RUS01305 0 0 0 0 0 0 0 0  = 0
RUS00721 0 0 0 0 0 0 0 0  = 0
RUS00724 0 0 0 0 0 0 0 0  = 0
RUS37001 0 0 0 0 0 0 0 0  = 0
RUS00728 0 0 0 0 0 0 0 0  = 0
RUS00730 0 0 0 0 0 0 0 0  = 0
ZAP00061 0 0 0 0 0 0 0 0  = 0
RUSGR124 0 0 0 0 0 0 0 0  = 0
RUS00731 0 0 0 0 0 0 0 0  = 0
RUS01001 -1 1 -1 -1 1 -1 -1 0  = 2
RUS43902 0 0 0 0 0 0 0 0  = 0
RUS01002 -1 1 -1 1 1 -1 1 0  = 4
ZAP00097 0 0 0 0 0 0 0 0  = 0
RUS01003 -1 1 1 1 -1 -1 -1 0  = 3
RUS66305 1 1 1 -1 1 -1 1 -1  = 5
RUS01005 -1 1 -1 -1 -1 -1 1 0  = 2
RUS01008 0 0 0 0 0 0 0 0  = 0
ZAP00093 0 0 0 0 0 0 0 0  = 0
RUS50202 0 0 0 0 0 0 0 0  = 0
RUS00704 0 0 0 0 0 0 0 0  = 0
RUS01009 0 0 0 0 0 0 0 0  = 0
RUS01013 0 0 0 0 0 0 0 0  = 0
RUS52215 -1 1 1 1 1 1 1 -1  = 6
RUS01014 0 0 0 0 0 0 0 0  = 0
RUS01015 0 0 0 0 0 0 0 0  = 0
RUS11502 -1 1 1 1 1 1 1 0  = 6
RUS04904 -1 1 1 1 1 1 1 0  = 6
RUS01018 0 0 0 0 0 0 0 0  = 0
RUS01020 0 0 0 0 0 0 0 0  = 0
RUSGR128 0 0 0 0 0 0 0 0  = 0
RUS01021 0 0 0 0 0 0 0 0  = 0
RUSGR101 1 1 1 1 -1 1 1 -1  = 6
RUSGR119 0 0 0 0 0 0 0 0  = 0
RUS43216 0 0 0 0 0 0 0 0  = 0
RUSGR103 -1 1 1 1 1 1 1 0  = 6
RUS60907 0 0 0 0 0 0 0 0  = 0
RUSGR104 0 0 0 0 0 0 0 0  = 0
RUS65611 0 0 0 0 0 0 0 0  = 0
RUSGR105 1 1 1 1 1 1 -1 0  = 6
RUS52232 0 0 0 0 0 0 0 0  = 0
RUSGR106 0 0 0 0 0 0 0 0  = 0
RUS00204 0 0 0 0 0 0 0 0  = 0
RUS00801 0 0 0 0 0 0 0 0  = 0
RUS60913 0 0 0 0 0 0 0 0  = 0
RUSGR108 -1 1 1 1 -1 -1 1 -1  = 4
RUSGR110 0 0 0 0 0 0 0 0  = 0
RUS52218 0 0 0 0 0 0 0 0  = 0
RUS52203 0 0 0 0 0 0 0 0  = 0
RUSGR114 -1 1 1 1 -1 -1 1 0  = 4
ZAP00077 0 0 0 0 0 0 0 0  = 0
RUSGR116 0 0 0 0 0 0 0 0  = 0
RUSGR118 0 0 0 0 0 0 0 0  = 0
RUSGR102 1 1 1 1 1 -1 1 0  = 6
RUSGR122 0 0 0 0 0 0 0 0  = 0
RUSGR127 0 0 0 0 0 0 0 0  = 0
RUS32502 0 0 0 0 0 0 0 0  = 0
RUS28001 0 0 0 0 0 0 0 0  = 0
RUS00103 1 1 1 1 -1 -1 1 -1  = 5
RUSGR129 0 0 0 0 0 0 0 0  = 0
ZAP00124 0 0 0 0 0 0 0 0  = 0
RUSGR132 0 0 0 0 0 0 0 0  = 0
RUSGR133 0 0 0 0 0 0 0 0  = 0
RUS43220 0 0 0 0 0 0 0 0  = 0
RUS00101 -1 1 -1 1 -1 -1 1 -1  = 3
RUS00108 -1 -1 -1 -1 -1 0 -1 -1  = 0
ZAP00092 0 0 0 0 0 0 0 0  = 0
RUS37013 1 1 1 1 -1 1 -1 -1  = 5
RUS00110 -1 1 1 1 -1 1 1 -1  = 5
RUS00112 0 0 0 0 0 0 0 0  = 0
RUS00117 0 0 0 0 0 0 0 0  = 0
RUS04906 1 1 1 1 1 1 1 0  = 7
RUS61601 -1 1 1 1 1 1 1 -1  = 6
RUS04909 0 0 0 0 0 0 0 0  = 0
ZAP00087 0 0 0 0 0 0 0 0  = 0
RUS43233 0 0 0 0 0 0 0 0  = 0
RUS04911 0 0 0 0 0 0 0 0  = 0
RUS04913 0 0 0 0 0 0 0 0  = 0
RUS00809 0 0 0 0 0 0 0 0  = 0
RUS00812 0 0 0 0 0 0 0 0  = 0
