fin-173-01 0 0 0 0 0 0 0 0 0 0 0 0 0  = 0
fin-636-801 0 0 0 0 0 0 0 0 0 0 0 0 0  = 0
fin-ptz-17 0 0 0 0 0 0 0 0 0 0 0 0 0  = 0
fin-dip-502 0 0 0 0 0 0 0 0 0 0 0 0 0  = 0
fin-dip-501 0 0 0 0 0 0 0 0 0 0 0 0 0  = 0
fin-dip-504 0 0 0 0 0 0 0 0 0 0 0 0 0  = 0
fin-sh-651 0 0 0 0 0 0 0 0 0 0 0 0 0  = 0
fin-sh-650 0 0 0 0 0 0 0 0 0 0 0 0 0  = 0
fin-dip-507 0 0 0 0 0 0 0 0 0 0 0 0 0  = 0
fin-sh-646 0 0 0 0 0 0 0 0 0 0 0 0 0  = 0
fin-sh-518 0 0 0 0 0 0 0 0 0 0 0 0 0  = 0
fin-sh-645 0 0 0 0 0 0 0 0 0 0 0 0 0  = 0
fin-sh-506 0 0 0 0 0 0 0 0 0 0 0 0 0  = 0
fin-ptz-935 0 0 0 0 0 0 0 0 0 0 0 0 0  = 0
fin-sh-643 0 0 0 0 0 0 0 0 0 0 0 0 0  = 0
fin-dip-509 0 0 0 0 0 0 0 0 0 0 0 0 0  = 0
fin-ptz-720 0 0 0 0 0 0 0 0 0 0 0 0 0  = 0
fin-ptz-927 0 0 0 0 0 0 0 0 0 0 0 0 0  = 0
fin-sh-642 0 0 0 0 0 0 0 0 0 0 0 0 0  = 0
fin-sh-636 0 0 0 0 0 0 0 0 0 0 0 0 0  = 0
fin-sh-649 0 0 0 0 0 0 0 0 0 0 0 0 0  = 0
fin-sh-638 0 0 0 0 0 0 0 0 0 0 0 0 0  = 0
fin-sh-630 0 0 0 0 0 0 0 0 0 0 0 0 0  = 0
fin-dip-503 0 0 0 0 0 0 0 0 0 0 0 0 0  = 0
fin-sh-502 0 0 0 0 0 0 0 0 0 0 0 0 0  = 0
fin-227-802 0 0 0 0 0 0 0 0 0 0 0 0 0  = 0
fin-sh-514 0 0 0 0 0 0 0 0 0 0 0 0 0  = 0
fin-227-803 0 0 0 0 0 0 0 0 0 0 0 0 0  = 0
fin-sh-512 0 0 0 0 0 0 0 0 0 0 0 0 0  = 0
fin-sh-640 0 0 0 0 0 0 0 0 0 0 0 0 0  = 0
fin-sh-509 0 0 0 0 0 0 0 0 0 0 0 0 0  = 0
fin-ptz-615 0 0 0 0 0 0 0 0 0 0 0 0 0  = 0
fin-sh-504 0 0 0 0 0 0 0 0 0 0 0 0 0  = 0
fin-sh-508 0 0 0 0 0 0 0 0 0 0 0 0 0  = 0
fin-sh-647 0 0 0 0 0 0 0 0 0 0 0 0 0  = 0
fin-ptz-506 0 0 0 0 0 0 0 0 0 0 0 0 0  = 0
fin-sh-635 0 0 0 0 0 0 0 0 0 0 0 0 0  = 0
fin-dip-505 0 0 0 0 0 0 0 0 0 0 0 0 0  = 0
fin-sh-503 0 0 0 0 0 0 0 0 0 0 0 0 0  = 0
fin-ptz-723 0 0 0 0 0 0 0 0 0 0 0 0 0  = 0
fin-227-901 0 0 0 0 0 0 0 0 0 0 0 0 0  = 0
fin-227-702 0 0 0 0 0 0 0 0 0 0 0 0 0  = 0
fin-sh-637 0 0 0 0 0 0 0 0 0 0 0 0 0  = 0
fin-sh-624 0 0 0 0 0 0 0 0 0 0 0 0 0  = 0
fin-sh-639 0 0 0 0 0 0 0 0 0 0 0 0 0  = 0
fin-sh-505 0 0 0 0 0 0 0 0 0 0 0 0 0  = 0
fin-sh-622 0 0 0 0 0 0 0 0 0 0 0 0 0  = 0
fin-sh-519 0 0 0 0 0 0 0 0 0 0 0 0 0  = 0
fin-sh-511 0 0 0 0 0 0 0 0 0 0 0 0 0  = 0
fin-sh-513 0 0 0 0 0 0 0 0 0 0 0 0 0  = 0
fin-sh-516 0 0 0 0 0 0 0 0 0 0 0 0 0  = 0
fin-ptz-610 0 0 0 0 0 0 0 0 0 0 0 0 0  = 0
fin-sh-631 0 0 0 0 0 0 0 0 0 0 0 0 0  = 0
fin-sh-517 0 0 0 0 0 0 0 0 0 0 0 0 0  = 0
fin-dip-506 0 0 0 0 0 0 0 0 0 0 0 0 0  = 0
fin-sh-621 0 0 0 0 0 0 0 0 0 0 0 0 0  = 0
fin-ptz-719 0 0 0 0 0 0 0 0 0 0 0 0 0  = 0
fin-sh-626 0 0 0 0 0 0 0 0 0 0 0 0 0  = 0
fin-sh-625 0 0 0 0 0 0 0 0 0 0 0 0 0  = 0
fin-sh-632 0 0 0 0 0 0 0 0 0 0 0 0 0  = 0
fin-ptz-931 0 -1 1 1 1 0 1 0 -1 -1 1 2 0  = 7
fin-sh-627 0 0 0 0 0 0 0 0 0 0 0 0 0  = 0
fin-ptz-929 0 0 0 0 0 0 0 0 0 0 0 0 0  = 0
fin-sh-628 0 0 0 0 0 0 0 0 0 0 0 0 0  = 0
fin-sh-515 0 0 0 0 0 0 0 0 0 0 0 0 0  = 0
fin-dip-508 0 0 0 0 0 0 0 0 0 0 0 0 0  = 0
fin-sh-510 0 0 0 0 0 0 0 0 0 0 0 0 0  = 0
fin-ptz-505 0 0 0 0 0 0 0 0 0 0 0 0 0  = 0
fin-ptz-612 0 0 0 0 0 0 0 0 0 0 0 0 0  = 0
fin-ptz-503 0 0 0 0 0 0 0 0 0 0 0 0 0  = 0
lol 0 0 0 0 0 0 0 0 0 0 0 0 0  = 0
fin-dip-510 0 0 0 0 0 0 0 0 0 0 0 0 0  = 0
fin-ptz-501 0 0 0 0 0 0 0 0 0 0 0 0 0  = 0
fin-ptz-502 0 0 0 0 0 0 0 0 0 0 0 0 0  = 0
fin-ptz-037 0 0 0 0 0 0 0 0 0 0 0 0 0  = 0
fin-ptz-507 0 0 0 0 0 0 0 0 0 0 0 0 0  = 0
fin-sh-648 0 0 0 0 0 0 0 0 0 0 0 0 0  = 0
fin-ptz-934 0 0 0 0 0 0 0 0 0 0 0 0 0  = 0
fin-sh-507 0 0 0 0 0 0 0 0 0 0 0 0 0  = 0
fin-ptz-611 0 0 0 0 0 0 0 0 0 0 0 0 0  = 0
fin-ptz-613 0 0 0 0 0 0 0 0 0 0 0 0 0  = 0
fin-sh-623 0 0 0 0 0 0 0 0 0 0 0 0 0  = 0
fin-204-502 0 0 0 0 0 0 0 0 0 0 0 0 0  = 0
fin-ptz-614 0 0 0 0 0 0 0 0 0 0 0 0 0  = 0
fin-dip-511 0 0 0 0 0 0 0 0 0 0 0 0 0  = 0
fin-ptz-616 0 0 0 0 0 0 0 0 0 0 0 0 0  = 0
fin-ptz-617 0 0 0 0 0 0 0 0 0 0 0 0 0  = 0
fin-ptz-618 0 0 0 0 0 0 0 0 0 0 0 0 0  = 0
fin-ptz-721 0 0 0 0 0 0 0 0 0 0 0 0 0  = 0
fin-227-701 0 0 0 0 0 0 0 0 0 0 0 0 0  = 0
fin-ptz-722 0 0 0 0 0 0 0 0 0 0 0 0 0  = 0
fin-sh-629 0 0 0 0 0 0 0 0 0 0 0 0 0  = 0
fin-sh-501 0 0 0 0 0 0 0 0 0 0 0 0 0  = 0
fin-ptz-824 0 0 0 0 0 0 0 0 0 0 0 0 0  = 0
fin-ptz-825 0 0 0 0 0 0 0 0 0 0 0 0 0  = 0
fin-sh-520 0 0 0 0 0 0 0 0 0 0 0 0 0  = 0
fin-sh-633 0 0 0 0 0 0 0 0 0 0 0 0 0  = 0
fin-ptz-826 0 0 0 0 0 0 0 0 0 0 0 0 0  = 0
fin-ptz-928 0 0 0 0 0 0 0 0 0 0 0 0 0  = 0
fin-ptz-930 0 0 0 0 0 0 0 0 0 0 0 0 0  = 0
fin-ptz-504 0 0 0 0 0 0 0 0 0 0 0 0 0  = 0
fin-ptz-932 0 0 0 0 0 0 0 0 0 0 0 0 0  = 0
fin-ptz-933 0 -1 -1 -1 -1 -1 -1 -1 -1 1 -1 2 0  = 3
fin-sh-641 0 0 0 0 0 0 0 0 0 0 0 0 0  = 0
fin-356-701 0 0 0 0 0 0 0 0 0 0 0 0 0  = 0
fin-ptz-036 0 0 0 0 0 0 0 0 0 0 0 0 0  = 0
fin-ptz-138 0 0 0 0 0 0 0 0 0 0 0 0 0  = 0
fin-226-701 0 0 0 0 0 0 0 0 0 0 0 0 0  = 0
fin-632-902 0 1 -1 1 1 -1 -1 -1 -1 -1 0 0 0  = 3
fin-sh-634 0 0 0 0 0 0 0 0 0 0 0 0 0  = 0
fin-ptz-139 0 0 0 0 0 0 0 0 0 0 0 0 0  = 0
fin-dip-512 0 0 0 0 0 0 0 0 0 0 0 0 0  = 0
fin-227-107 0 0 0 0 0 0 0 0 0 0 0 0 0  = 0
fin-204-703 0 0 0 0 0 0 0 0 0 0 0 0 0  = 0
fin-204-104 0 0 0 0 0 0 0 0 0 0 0 0 0  = 0
fin-204-701 0 0 0 0 0 0 0 0 0 0 0 0 0  = 0
fin-204-115 0 0 0 0 0 0 0 0 0 0 0 0 0  = 0
fin-ptz-508 0 0 0 0 0 0 0 0 0 0 0 0 0  = 0
fin-227-108 0 -1 -1 1 1 -1 -1 0 0 0 0 0 0  = 2
fin-227-801 0 0 0 0 0 0 0 0 0 0 0 0 0  = 0
fin-227-904 0 1 1 -1 -1 -1 -1 -1 -1 -1 -1 0 0  = 2
fin-227-905 0 -1 1 1 1 -1 -1 -1 -1 -1 -1 0 0  = 3
fin-ptz-509 0 0 0 0 0 0 0 0 0 0 0 0 0  = 0
fin-227-906 0 1 1 1 1 -1 -1 -1 -1 -1 -1 0 0  = 4
fin-227-109 0 -1 -1 -1 -1 -1 -1 -1 -1 -1 -1 2 0  = 2
fin-227-100 0 -1 -1 1 -1 1 -1 0 -1 0 -1 0 0  = 2
fin-sh-644 0 0 0 0 0 0 0 0 0 0 0 0 0  = 0
fin-227-111 0 1 1 1 1 1 -1 -1 1 1 -1 0 0  = 7
fin-227-112 0 1 -1 1 1 1 -1 -1 -1 -1 -1 0 0  = 4
fin-278-501 0 0 0 0 0 0 0 0 0 0 0 0 0  = 0
fin-298-501 0 0 0 0 0 0 0 0 0 0 0 0 0  = 0
fin-632-601 0 0 0 0 0 0 0 0 0 0 0 0 0  = 0
fin-uch-01 0 1 1 1 1 1 1 -1 1 1 1 3 0  = 12
